frame	y	V
0	none	
1		16000.00
2		16000.00
3		16000.00
4		16000.00
5		16000.00
6	594000.00	16000.00
7	593333.33	16000.00
8	592666.67	16000.00
9	592000.00	16000.00
10	591333.33	16000.00
11	590666.67	16000.00
12	590000.00	16000.00
13	589333.33	16000.00
14	588666.67	16000.00
15	588000.00	16000.00
16	587333.33	16000.00
17	586666.67	16000.00
18	586000.00	16000.00
19	585333.33	16000.00
20	584666.67	16000.00
21	584000.00	16000.00
22	583333.33	16000.00
23	582666.67	16000.00
24	582000.00	16000.00
25	581333.33	16000.00
26	580666.67	16000.00
27	580000.00	16000.00
28	579333.33	16000.00
29	578666.67	16000.00
30	578000.00	16000.00
31	577333.33	16000.00
32	576666.67	16000.00
33	576000.00	16000.00
34	575333.33	16000.00
35	574666.67	16000.00
36	574000.00	16000.00
37	573333.33	16000.00
38	572666.67	16000.00
39	572000.00	16000.00
40	571333.33	16000.00
41	570666.67	16000.00
42	570000.00	16000.00
43	569333.33	16000.00
44	568666.67	16000.00
45	568000.00	16000.00
46	567333.33	16000.00
47	566666.67	16000.00
48	566000.00	16000.00
49	565333.33	16000.00
50	564666.67	16000.00
51	564000.00	16000.00
52	563333.33	16000.00
53	562666.67	16000.00
54	562000.00	16000.00
55	561333.33	16000.00
56	560666.67	16000.00
57	560000.00	16000.00
58	559333.33	16000.00
59	558666.67	16000.00
60	558000.00	16000.00
61	557333.33	16000.00
62	556666.67	16000.00
63	556000.00	16000.00
64	555333.33	16000.00
65	554666.67	16000.00
66	554000.00	16000.00
67	553333.33	16000.00
68	552666.67	16000.00
69	552000.00	16000.00
70	551333.33	16000.00
71	550666.67	16000.00
72	550000.00	16000.00
73	549333.33	16000.00
74	548666.67	16000.00
75	548000.00	16000.00
76	547333.33	16000.00
77	546666.67	16000.00
78	546000.00	16000.00
79	545333.02	16007.61
80	544665.08	16030.38
81	543995.58	16068.15
82	543323.89	16120.61
83	542649.41	16187.38
84	541971.58	16267.95
85	541289.84	16361.70
86	540603.68	16467.91
87	539912.60	16585.79
88	539216.17	16714.42
89	538513.97	16852.85
90	537805.64	17000.00
91	537090.85	17154.76
92	536369.35	17315.96
93	535640.92	17482.36
94	534905.39	17652.70
95	534162.66	17825.69
96	533412.66	18000.00
97	532655.39	18174.31
98	531890.92	18347.30
99	531119.35	18517.64
100	530340.85	18684.04
101	529555.64	18845.24
102	528763.97	19000.00
103	527966.17	19147.15
104	527162.60	19285.58
105	526353.68	19414.21
106	525539.84	19532.09
107	524721.58	19638.30
108	523899.41	19732.05
109	523073.89	19812.62
110	522245.58	19879.39
111	521415.08	19931.85
112	520583.02	19969.62
113	519750.00	19992.39
114	518916.67	20000.00
115	518083.65	19992.39
116	517251.58	19969.62
117	516421.09	19931.85
118	515592.78	19879.39
119	514767.26	19812.62
120	513945.09	19732.05
121	513126.82	19638.30
122	512312.99	19532.09
123	511504.06	19414.21
124	510700.50	19285.58
125	509902.70	19147.15
126	509111.03	19000.00
127	508325.81	18845.24
128	507547.31	18684.04
129	506775.74	18517.64
130	506011.27	18347.30
131	505254.01	18174.31
132	504504.01	18000.00
133	503761.27	17825.69
134	503025.74	17652.70
135	502297.31	17482.36
136	501575.81	17315.96
137	500861.03	17154.76
138	500152.70	17000.00
139	499450.50	16852.85
140	498754.06	16714.42
141	498062.99	16585.79
142	497376.82	16467.91
143	496695.09	16361.70
144	496017.26	16267.95
145	495342.78	16187.38
146	494671.09	16120.61
147	494001.58	16068.15
148	493333.65	16030.38
149	492666.67	16007.61
150	492000.00	16000.00
151	491333.33	16000.00
152	490666.67	16000.00
153	490000.00	16000.00
154	489333.33	16000.00
155	488666.67	16000.00
156	488000.00	16000.00
157	487333.33	16000.00
158	486666.67	16000.00
159	486000.00	16000.00
160	485333.33	16000.00
161	484666.67	16000.00
162	484000.00	16000.00
163	483333.33	16000.00
164	482666.67	16000.00
165	482000.00	16000.00
166	481333.33	16000.00
167	480666.67	16000.00
168	480000.00	16000.00
169	479333.33	16000.00
170	478666.67	16000.00
171	478000.00	16000.00
172	477333.33	16000.00
173	476666.67	16000.00
174	476000.00	16000.00
175	475333.33	16000.00
176	474666.67	16000.00
177	474000.00	16000.00
178	473333.33	16000.00
179	472666.67	16000.00
180	472000.00	16000.00
181	471333.33	16000.00
182	470666.67	16000.00
183	470000.00	16000.00
184	469333.33	16000.00
185	468666.67	16000.00
186	468000.00	16000.00
187	467333.33	16000.00
188	466666.67	16000.00
189	466000.00	16000.00
190	465333.33	16000.00
191	464666.67	16000.00
192	464000.00	16000.00
193	463333.33	16000.00
194	462666.67	16000.00
195	462000.00	16000.00
196	461333.33	16000.00
197	460666.67	16000.00
198	460000.00	16000.00
199	459333.33	16000.00
200	458666.67	16000.00
201	458000.00	16000.00
202	457333.33	16000.00
203	456666.67	16000.00
204	456000.00	16000.00
205	455333.33	16000.00
206	454666.67	16000.00
207	454000.00	16000.00
208	453333.33	16000.00
209	452666.67	16000.00
210	452000.00	16000.00
211	451333.33	16000.00
212	450666.67	16000.00
213	450000.00	16000.00
214	449333.33	16000.00
215	448666.67	16000.00
216	448000.00	16000.00
217	447333.33	16000.00
218	446666.67	16000.00
219	446000.00	16000.00
220	445333.33	16000.00
221	444666.67	16000.00
222	444000.00	16000.00
223	443333.33	16000.00
224	442666.67	16000.00
225	442000.00	16000.00
226	441333.33	16000.00
227	440666.67	16000.00
228	440000.00	16000.00
229	439333.33	16000.00
230	438666.67	16000.00
231	438000.00	16000.00
232	437333.33	16000.00
233	436666.67	16000.00
234	436000.00	16000.00
235	435333.33	16000.00
236	434666.67	16000.00
237	434000.00	16000.00
238	433333.33	16000.00
239	432666.67	16000.00
240	432000.00	16000.00
241	431333.33	16000.00
242	430666.67	16000.00
243	430000.00	16000.00
244	429333.33	16000.00
245	428666.67	16000.00
246	428000.00	16000.00
247	427333.33	16000.00
248	426666.67	16000.00
249	426000.00	16000.00
250	425333.33	16000.00
251	424666.67	16000.00
252	424000.00	16000.00
253	423333.33	16000.00
254	422666.67	16000.00
255	422000.00	16000.00
256	421333.33	16000.00
257	420666.67	16000.00
258	420000.00	16000.00
259	419333.33	16000.00
260	418666.67	16000.00
261	418000.00	16000.00
262	417333.33	16000.00
263	416666.67	16000.00
264	416000.00	16000.00
265	415333.33	16000.00
266	414666.67	16000.00
267	414000.00	16000.00
268	413333.33	16000.00
269	412666.67	16000.00
270	412000.00	16000.00
271	411333.33	16000.00
272	410666.67	16000.00
273	410000.00	16000.00
274	409333.33	16000.00
275	408666.67	16000.00
276	408000.00	16000.00
277	407333.33	16000.00
278	406666.67	16000.00
279	406000.00	16000.00
280	405333.33	16000.00
281	404666.67	16000.00
282	404000.00	16000.00
283	403333.33	16000.00
284	402666.67	16000.00
285	402000.00	16000.00
286	401333.33	16000.00
287	400666.67	16000.00
288	400000.00	16000.00
289	399333.33	16000.00
290	398666.67	16000.00
291	398000.00	16000.00
292	397333.33	16000.00
293	396666.67	16000.00
294	396000.00	16000.00
295	395333.33	16000.00
296	394666.67	16000.00
297	394000.00	16000.00
298	393333.33	16000.00
299	392666.67	16000.00
300	392000.00	16000.00
301	391333.33	16000.00
302	390666.67	16000.00
303	390000.00	16000.00
304	389333.33	16000.00
305	388666.67	16000.00
306	388000.00	16000.00
307	387333.33	16000.00
308	386666.67	16000.00
309	386000.00	16000.00
310	385333.33	16000.00
311	384666.67	16000.00
312	384000.00	16000.00
313	383333.33	16000.00
314	382666.67	16000.00
315	382000.00	16000.00
316	381333.33	16000.00
317	380666.67	16000.00
318	380000.00	16000.00
319	379333.33	16000.00
320	378666.67	16000.00
321	378000.00	16000.00
322	377333.33	16000.00
323	376666.67	16000.00
324	376000.00	16000.00
325	375333.33	16000.00
326	374666.67	16000.00
327	374000.00	16000.00
328	373333.33	16000.00
329	372666.67	16000.00
330	372000.00	16000.00
331	371333.33	16000.00
332	370666.67	16000.00
333	370000.00	16000.00
334	369333.33	16000.00
335	368666.67	16000.00
336	368000.00	16000.00
337	367333.33	16000.00
338	366666.67	16000.00
339	366000.00	16000.00
340	365333.33	16000.00
341	364666.67	16000.00
342	364000.00	16000.00
343	363331.91	16034.07
344	362659.66	16133.97
345	361980.79	16292.89
346	361293.29	16500.00
347	360595.74	16741.18
348	359887.41	17000.00
349	359168.29	17258.82
350	358439.13	17500.00
351	357701.33	17707.11
352	356956.91	17866.03
353	356208.33	17965.93
354	355458.33	18000.00
355	354709.75	17965.93
356	353965.34	17866.03
357	353227.54	17707.11
358	352498.37	17500.00
359	351779.26	17258.82
360	351070.92	17000.00
361	350373.37	16741.18
362	349685.87	16500.00
363	349007.00	16292.89
364	348334.75	16133.97
365	347666.67	16034.07
366	347000.00	16000.00
367	346333.33	16000.00
368	345666.67	16000.00
369	345000.00	16000.00
370	344333.33	16000.00
371	343666.67	16000.00
372	343000.00	16000.00
373	342333.33	16000.00
374	341666.67	16000.00
375	341000.00	16000.00
376	340333.33	16000.00
377	339666.67	16000.00
378	339000.00	16000.00
379	338333.33	16000.00
380	337666.67	16000.00
381	337000.00	16000.00
382	336333.33	16000.00
383	335666.67	16000.00
384	335000.00	16000.00
385	334333.33	16000.00
386	333666.67	16000.00
387	333000.00	16000.00
388	332333.33	16000.00
389	331666.67	16000.00
390	331000.00	16000.00
391	330333.33	16000.00
392	329666.67	16000.00
393	329000.00	16000.00
394	328333.33	16000.00
395	327666.67	16000.00
396	327000.00	16000.00
397	326333.33	16000.00
398	325666.67	16000.00
399	325000.00	16000.00
400	324333.33	16000.00
401	323666.67	16000.00
402	323000.00	16000.00
403	322333.33	16000.00
404	321666.67	16000.00
405	321000.00	16000.00
406	320333.33	16000.00
407	319666.67	16000.00
408	319000.00	16000.00
409	318333.33	16000.00
410	317666.67	16000.00
411	317000.00	16000.00
412	316333.33	16000.00
413	315666.67	16000.00
414	315000.00	16000.00
415	314333.33	16000.00
416	313666.67	16000.00
417	313000.00	16000.00
418	312333.33	16000.00
419	311666.67	16000.00
420	311000.00	16000.00
421	310333.33	16000.00
422	309666.67	16000.00
423	309000.00	16000.00
424	308333.33	16000.00
425	307666.67	16000.00
426	307000.00	16000.00
427	306333.33	16000.00
428	305666.67	16000.00
429	305000.00	16000.00
430	304333.33	16000.00
431	303666.67	16000.00
432	303000.00	16000.00
433	302333.33	16000.00
434	301666.67	16000.00
435	301000.00	16000.00
436	300333.33	16000.00
437	299666.67	16000.00
438	299000.00	16000.00
439	298333.33	16000.00
440	297666.67	16000.00
441	297000.00	16000.00
442	296333.33	16000.00
443	295666.67	16000.00
444	295000.00	16000.00
445	294333.33	16000.00
446	293666.67	16000.00
447	293000.00	16000.00
448	292333.33	16000.00
449	291666.67	16000.00
450	291000.00	16000.00
451	290333.33	16000.00
452	289666.67	16000.00
453	289000.00	16000.00
454	288333.33	16000.00
455	287666.67	16000.00
456	287000.00	16000.00
457	286333.33	16000.00
458	285666.67	16000.00
459	285000.00	16000.00
460	284333.33	16000.00
461	283666.67	16000.00
462	283000.00	16000.00
463	282333.33	16000.00
464	281666.67	16000.00
465	281000.00	16000.00
466	280333.33	16000.00
467	279666.67	16000.00
468	279000.00	16000.00
469	278333.33	16000.00
470	277666.67	16000.00
471	277000.00	16000.00
472	276333.33	16000.00
473	275666.67	16000.00
474	275000.00	16000.00
475	274333.33	16000.00
476	273666.67	16000.00
477	273000.00	16000.00
478	272333.33	16000.00
479	271666.67	16000.00
480	271000.00	16000.00
481	270333.33	16000.00
482	269666.67	16000.00
483	269000.00	16000.00
484	268333.33	16000.00
485	267666.67	16000.00
486	267000.00	16000.00
487	266333.33	16000.00
488	265666.67	16000.00
489	265000.00	16000.00
490	264333.33	16000.00
491	263666.67	16000.00
492	263000.00	16000.00
493	262333.33	16000.00
494	261666.67	16000.00
495	261000.00	16000.00
496	260333.33	16000.00
497	259666.67	16000.00
498	259000.00	16000.00
499	258333.33	16000.00
500	257666.67	16000.00
501	257000.00	16000.00
502	256333.33	16000.00
503	255666.67	16000.00
504	255000.00	16000.00
505	254333.33	16000.00
506	253666.67	16000.00
507	253000.00	16000.00
508	252333.33	16000.00
509	251666.67	16000.00
510	251000.00	16000.00
511	250333.33	16000.00
512	249666.67	16000.00
513	249000.00	16000.00
514	248333.33	16000.00
515	247666.67	16000.00
516	247000.00	16000.00
517	246333.33	16000.00
518	245666.67	16000.00
519	245000.00	16000.00
520	244333.33	16000.00
521	243666.67	16000.00
522	243000.00	16000.00
523	242333.33	16000.00
524	241666.67	16000.00
525	241000.00	16000.00
526	240333.33	16000.00
527	239666.67	16000.00
528	239000.00	16000.00
529	238333.33	16000.00
530	237666.67	16000.00
531	237000.00	16000.00
532	236333.33	16000.00
533	235666.67	16000.00
534	235000.00	16000.00
535	234333.33	16000.00
536	233666.67	16000.00
537	233000.00	16000.00
538	232333.33	16000.00
539	231666.67	16000.00
540	231000.00	16000.00
541	230333.33	16000.00
542	229666.67	16000.00
543	229000.00	16000.00
544	228333.33	16000.00
545	227666.67	16000.00
546	227000.00	16000.00
547	226333.33	16000.00
548	225666.67	16000.00
549	225000.00	16000.00
550	224333.33	16000.00
551	223666.67	16000.00
552	223000.00	16000.00
553	222333.33	16000.00
554	221666.67	16000.00
555	221000.00	16000.00
556	220333.33	16000.00
557	219666.67	16000.00
558	219000.00	16000.00
559	218333.33	16000.00
560	217666.67	16000.00
561	217000.00	16000.00
562	216333.33	16000.00
563	215666.67	16000.00
564	215000.00	16000.00
565	214333.33	16000.00
566	213666.67	16000.00
567	213000.00	16000.00
568	212333.33	16000.00
569	211666.67	16000.00
570	211000.00	16000.00
571	210333.33	16000.00
572	209666.67	16000.00
573	209000.00	16000.00
574	208333.33	16000.00
575	207666.67	16000.00
576	207000.00	16000.00
577	206333.33	16000.00
578	205666.67	16000.00
579	205000.00	16000.00
580	204333.33	16000.00
581	203666.67	16000.00
582	203000.00	16000.00
583	202333.33	16000.00
584	201666.67	16000.00
585	201000.00	16000.00
586	200333.33	16000.00
587	199666.67	16000.00
588	199000.00	16000.00
589	198333.33	16000.00
590	197666.67	16000.00
591	197000.00	16000.00
592	196333.33	16000.00
593	195666.67	16000.00
594	195000.00	16000.00
595	194333.33	16000.00
596	193666.67	16000.00
597	193000.00	16000.00
598	192333.33	16000.00
599	191666.67	16000.00
600	191000.00	16000.00
601	190333.33	16000.00
602	189666.67	16000.00
603	189000.00	16000.00
604	188333.33	16000.00
605	187666.67	16000.00
606	187000.00	16000.00
607	186333.33	16000.00
608	185666.67	16000.00
609	185000.00	16000.00
610	184333.33	16000.00
611	183666.67	16000.00
612	183000.00	16000.00
613	182333.33	16000.00
614	181666.67	16000.00
615	181000.00	16000.00
616	180333.33	16000.00
617	179666.67	16000.00
618	179000.00	16000.00
619	178333.33	16000.00
620	177666.67	16000.00
621	177000.00	16000.00
622	176333.33	16000.00
623	175666.67	16000.00
624	175000.00	16000.00
625	174333.33	16000.00
626	173666.67	16000.00
627	173000.00	16000.00
628	172333.33	16000.00
629	171666.67	16000.00
630	171000.00	16000.00
631	170333.33	16000.00
632	169666.67	16000.00
633	169000.00	16000.00
634	168333.33	16000.00
635	167666.67	16000.00
636	167000.00	16000.00
637	166333.33	16000.00
638	165666.67	16000.00
639	165000.00	16000.00
640	164333.33	16000.00
641	163666.67	16000.00
642	163000.00	16000.00
643	162333.33	16000.00
644	161666.67	16000.00
645	161000.00	16000.00
646	160333.33	16000.00
647	159666.67	16000.00
648	159000.00	16000.00
649	158333.33	16000.00
650	157666.67	16000.00
651	157000.00	16000.00
652	156333.33	16000.00
653	155666.67	16000.00
654	155000.00	16000.00
655	154333.33	16000.00
656	153666.67	16000.00
657	153000.00	16000.00
658	152333.33	16000.00
659	151666.67	16000.00
660	151000.00	16000.00
661	150333.33	16000.00
662	149666.67	16000.00
663	149000.00	16000.00
664	148333.33	16000.00
665	147666.67	16000.00
666	147000.00	16000.00
667	146333.33	16000.00
668	145666.67	16000.00
669	145000.00	16000.00
670	144333.33	16000.00
671	143666.67	16000.00
672	143000.00	16000.00
673	142333.33	16000.00
674	141666.67	16000.00
675	141000.00	16000.00
676	140333.33	16000.00
677	139666.67	16000.00
678	139000.00	16000.00
679	138333.33	16000.00
680	137666.67	16000.00
681	137000.00	16000.00
682	136333.33	16000.00
683	135666.67	16000.00
684	135000.00	16000.00
685	134333.33	16000.00
686	133666.67	16000.00
687	133000.00	16000.00
688	132333.33	16000.00
689	131666.67	16000.00
690	131000.00	16000.00
691	130333.33	16000.00
692	129666.67	16000.00
693	129000.00	16000.00
694	128333.33	16000.00
695	127666.67	16000.00
696	127000.00	16000.00
697	126333.33	16000.00
698	125666.67	16000.00
699	125000.00	16000.00
700	124333.33	16000.00
701	123666.67	16000.00
702	123000.00	16000.00
703	122333.33	16000.00
704	121666.67	16000.00
705	121000.00	16000.00
706	120333.33	16000.00
707	119666.67	16000.00
708	119000.00	16000.00
709	118333.33	16000.00
710	117666.67	16000.00
711	117000.00	16000.00
712	116333.33	16000.00
713	115666.67	16000.00
714	115000.00	16000.00
715	114333.33	16000.00
716	113666.67	16000.00
717	113000.00	16000.00
718	112333.33	16000.00
719	111666.67	16000.00
720	111000.00	16000.00
721	110333.33	16000.00
722	109666.67	16000.00
723	109000.00	16000.00
724	108333.33	16000.00
725	107666.67	16000.00
726	107000.00	16000.00
727	106333.33	16000.00
728	105666.67	16000.00
729	105000.00	16000.00
730	104333.33	16000.00
731	103666.67	16000.00
732	103000.00	16000.00
733	102333.33	16000.00
734	101666.67	16000.00
735	101000.00	16000.00
736	100333.33	16000.00
737	99666.67	16000.00
738	99000.00	16000.00
739	98333.33	16000.00
740	97666.67	16000.00
741	97000.00	16000.00
742	96333.33	16000.00
743	95666.67	16000.00
744	95000.00	16000.00
745	94333.33	16000.00
746	93666.67	16000.00
747	93000.00	16000.00
748	92333.33	16000.00
749	91666.67	16000.00
750	91000.00	16000.00
751	90333.33	16000.00
752	89666.67	16000.00
753	89000.00	16000.00
754	88333.33	16000.00
755	87666.67	16000.00
756	87000.00	16000.00
757	86333.33	16000.00
758	85666.67	16000.00
759	85000.00	16000.00
760	84333.33	16000.00
761	83666.67	16000.00
762	83000.00	16000.00
763	82333.33	16000.00
764	81666.67	16000.00
765	81000.00	16000.00
766	80333.33	16000.00
767	79666.67	16000.00
768	79000.00	16000.00
769	78333.33	16000.00
770	77666.67	16000.00
771	77000.00	16000.00
772	76333.33	16000.00
773	75666.67	16000.00
774	75000.00	16000.00
775	74334.22	15978.61
776	73671.11	15914.81
777	73012.37	15809.70
778	72359.66	15665.06
779	71714.52	15483.38
780	71078.36	15267.77
781	70452.45	15021.90
782	69837.86	14750.00
783	69235.50	14456.71
784	68646.04	14147.05
785	68069.95	13826.32
786	67507.45	13500.00
787	66958.54	13173.68
788	66423.00	12852.95
789	65900.36	12543.29
790	65389.95	12250.00
791	64890.86	11978.10
792	64402.02	11732.23
793	63922.16	11516.62
794	63449.87	11334.94
795	62983.61	11190.30
796	62521.72	11085.19
797	62062.50	11021.39
798	61604.17	11000.00
799	61144.94	11021.39
800	60683.06	11085.19
801	60216.80	11190.30
802	59744.51	11334.94
803	59264.65	11516.62
804	58775.81	11732.23
805	58276.72	11978.10
806	57766.30	12250.00
807	57243.66	12543.29
808	56708.12	12852.95
809	56159.22	13173.68
810	55596.72	13500.00
811	55020.62	13826.32
812	54431.16	14147.05
813	53828.80	14456.71
814	53214.22	14750.00
815	52588.31	15021.90
816	51952.15	15267.77
817	51307.01	15483.38
818	50654.30	15665.06
819	49995.56	15809.70
820	49332.44	15914.81
821	48666.67	15978.61
822	48000.00	16000.00
823	47333.33	16000.00
824	46666.67	16000.00
825	46000.00	16000.00
826	45333.33	16000.00
827	44666.67	16000.00
828	44000.00	16000.00
829	43333.33	16000.00
830	42666.67	16000.00
831	42000.00	16000.00
832	41333.33	16000.00
833	40666.67	16000.00
834	40000.00	16000.00
835	39333.33	16000.00
836	38666.67	16000.00
837	38000.00	16000.00
838	37333.33	16000.00
839	36666.67	16000.00
840	36000.00	16000.00
841	35333.33	16000.00
842	34666.67	16000.00
843	34000.00	16000.00
844	33333.33	16000.00
845	32666.67	16000.00
846	32000.00	16000.00
847	31333.33	16000.00
848	30666.67	16000.00
849	30000.00	16000.00
850	29333.33	16000.00
851	28666.67	16000.00
852	28000.00	16000.00
853	27333.33	16000.00
854	26666.67	16000.00
855	26000.00	16000.00
856	25333.33	16000.00
857	24666.67	16000.00
858	24000.00	16000.00
859	23333.33	16000.00
860	22666.67	16000.00
861	22000.00	16000.00
862	21333.33	16000.00
863	20666.67	16000.00
864	20000.00	16000.00
865	19333.33	16000.00
866	18666.67	16000.00
867	18000.00	16000.00
868	17333.33	16000.00
869	16666.67	16000.00
870	16000.00	16000.00
871	15333.33	16000.00
872	14666.67	16000.00
873	14000.00	16000.00
874	13333.33	16000.00
875	12666.67	16000.00
876	12000.00	16000.00
877	11333.33	16000.00
878	10666.67	16000.00
879	10000.00	16000.00
880	9333.33	16000.00
881	8666.67	16000.00
882	8000.00	16000.00
883	7333.33	16000.00
884	6666.67	16000.00
885	6000.00	16000.00
886	5333.33	16000.00
887	4666.67	16000.00
888	4000.00	16000.00
889	3333.33	16000.00
890	2666.67	16000.00
891	2000.00	16000.00
892	1333.33	16000.00
893	666.67	16000.00
894	0.00	16000.00
