frame	x	v
0	none	
1	none	16000.00
2	none	16000.00
3	none	16000.00
4	none	16000.00
5	none	16000.00
6	none	16000.00
7	none	16000.00
8	none	16000.00
9	none	16000.00
10	none	16000.00
11	none	16000.00
12	840000.00	16000.00
13	839333.33	16000.00
14	838666.67	16000.00
15	838000.00	16000.00
16	837333.33	16000.00
17	836666.67	16000.00
18	836000.00	16000.00
19	835333.33	16000.00
20	834666.67	16000.00
21	834000.00	16000.00
22	833333.33	16000.00
23	832666.67	16000.00
24	832000.00	16000.00
25	831333.33	16000.00
26	830666.67	16000.00
27	830000.00	16000.00
28	829333.33	16000.00
29	828666.67	16000.00
30	828000.00	16000.00
31	827333.33	16000.00
32	826666.67	16000.00
33	826000.00	16000.00
34	825333.33	16000.00
35	824666.67	16000.00
36	824000.00	16000.00
37	823333.33	16000.00
38	822666.67	16000.00
39	822000.00	16000.00
40	821333.33	16000.00
41	820666.67	16000.00
42	820000.00	16000.00
43	819333.33	16000.00
44	818666.67	16000.00
45	818000.00	16000.00
46	817333.33	16000.00
47	816666.67	16000.00
48	816000.00	16000.00
49	815333.33	16000.00
50	814666.67	16000.00
51	814000.00	16000.00
52	813333.33	16000.00
53	812666.67	16000.00
54	812000.00	16000.00
55	811333.33	16000.00
56	810666.67	16000.00
57	810000.00	16000.00
58	809333.33	16000.00
59	808666.67	16000.00
60	808000.00	16000.00
61	807333.33	16000.00
62	806666.67	16000.00
63	806000.00	16000.00
64	805333.33	16000.00
65	804666.67	16000.00
66	804000.00	16000.00
67	803333.33	16000.00
68	802666.67	16000.00
69	802000.00	16000.00
70	801333.33	16000.00
71	800666.67	16000.00
72	800000.00	16000.00
73	799333.33	16000.00
74	798666.67	16000.00
75	798000.00	16000.00
76	797333.33	16000.00
77	796666.67	16000.00
78	796000.00	16000.00
79	795333.33	16000.00
80	794666.67	16000.00
81	794000.00	16000.00
82	793333.33	16000.00
83	792666.67	16000.00
84	792000.00	16000.00
85	791333.33	16006.34
86	790666.40	16025.32
87	789998.68	16056.79
88	789329.65	16100.51
89	788658.79	16156.15
90	787985.62	16223.29
91	787309.65	16301.41
92	786630.42	16389.93
93	785947.51	16488.16
94	785260.50	16595.36
95	784569.03	16710.71
96	783872.75	16833.34
97	783171.36	16962.30
98	782464.60	17096.64
99	781752.24	17235.30
100	781034.10	17377.26
101	780310.05	17521.41
102	779579.99	17666.67
103	778843.88	17811.93
104	778101.72	17956.08
105	777353.55	18098.04
106	776599.46	18236.70
107	775839.60	18371.04
108	775074.14	18500.01
109	774303.30	18622.63
110	773527.36	18737.98
111	772746.61	18845.18
112	771961.40	18943.41
113	771172.09	19031.93
114	770379.09	19110.05
115	769582.84	19177.19
116	768783.79	19232.83
117	767982.42	19276.55
118	767179.23	19308.02
119	766374.73	19327.00
120	765569.44	19333.34
121	764763.88	19327.00
122	763958.59	19308.02
123	763154.09	19276.55
124	762350.90	19232.83
125	761549.53	19177.19
126	760750.48	19110.05
127	759954.23	19031.93
128	759161.24	18943.41
129	758371.93	18845.18
130	757586.71	18737.98
131	756805.96	18622.63
132	756030.02	18500.01
133	755259.18	18371.04
134	754493.73	18236.70
135	753733.86	18098.04
136	752979.78	17956.08
137	752231.61	17811.93
138	751489.44	17666.67
139	750753.33	17521.41
140	750023.27	17377.26
141	749299.22	17235.30
142	748581.08	17096.64
143	747868.72	16962.30
144	747161.96	16833.34
145	746460.57	16710.71
146	745764.29	16595.36
147	745072.82	16488.16
148	744385.81	16389.93
149	743702.90	16301.41
150	743023.67	16223.29
151	742347.70	16156.15
152	741674.53	16100.51
153	741003.68	16056.79
154	740334.64	16025.32
155	739666.92	16006.34
156	738999.99	16000.00
157	738333.32	16000.00
158	737666.66	16000.00
159	736999.99	16000.00
160	736333.32	16000.00
161	735666.66	16000.00
162	734999.99	16000.00
163	734333.32	16000.00
164	733666.66	16000.00
165	732999.99	16000.00
166	732333.32	16000.00
167	731666.66	16000.00
168	730999.99	16000.00
169	730333.32	16000.00
170	729666.66	16000.00
171	728999.99	16000.00
172	728333.32	16000.00
173	727666.66	16000.00
174	726999.99	16000.00
175	726333.32	16000.00
176	725666.66	16000.00
177	724999.99	16000.00
178	724333.32	16000.00
179	723666.66	16000.00
180	722999.99	16000.00
181	722333.32	16000.00
182	721666.66	16000.00
183	720999.99	16000.00
184	720333.32	16000.00
185	719666.66	16000.00
186	718999.99	16000.00
187	718333.32	16000.00
188	717666.66	16000.00
189	716999.99	16000.00
190	716333.32	16000.00
191	715666.66	16000.00
192	714999.99	16000.00
193	714333.32	16000.00
194	713666.66	16000.00
195	712999.99	16000.00
196	712333.32	16000.00
197	711666.66	16000.00
198	710999.99	16000.00
199	710333.32	16000.00
200	709666.66	16000.00
201	708999.99	16000.00
202	708333.32	16000.00
203	707666.66	16000.00
204	706999.99	16000.00
205	706333.32	16000.00
206	705666.66	16000.00
207	704999.99	16000.00
208	704333.32	16000.00
209	703666.66	16000.00
210	702999.99	16000.00
211	702333.32	16000.00
212	701666.66	16000.00
213	700999.99	16000.00
214	700333.32	16000.00
215	699666.66	16000.00
216	698999.99	16000.00
217	698333.32	16000.00
218	697666.66	16000.00
219	696999.99	16000.00
220	696333.32	16000.00
221	695666.66	16000.00
222	694999.99	16000.00
223	694333.32	16000.00
224	693666.66	16000.00
225	692999.99	16000.00
226	692333.32	16000.00
227	691666.66	16000.00
228	690999.99	16000.00
229	690333.32	16000.00
230	689666.66	16000.00
231	688999.99	16000.00
232	688333.32	16000.00
233	687666.66	16000.00
234	686999.99	16000.00
235	686333.32	16000.00
236	685666.66	16000.00
237	684999.99	16000.00
238	684333.32	16000.00
239	683666.66	16000.00
240	682999.99	16000.00
241	682333.32	16000.00
242	681666.66	16000.00
243	680999.99	16000.00
244	680333.32	16000.00
245	679666.66	16000.00
246	678999.99	16000.00
247	678333.32	16000.00
248	677666.66	16000.00
249	676999.99	16000.00
250	676333.32	16000.00
251	675666.66	16000.00
252	674999.99	16000.00
253	674333.32	16000.00
254	673666.66	16000.00
255	672999.99	16000.00
256	672333.32	16000.00
257	671666.66	16000.00
258	670999.99	16000.00
259	670333.32	16000.00
260	669666.66	16000.00
261	668999.99	16000.00
262	668333.32	16000.00
263	667666.66	16000.00
264	666999.99	16000.00
265	666333.32	16000.00
266	665666.66	16000.00
267	664999.99	16000.00
268	664333.32	16000.00
269	663666.66	16000.00
270	662999.99	16000.00
271	662333.32	16000.00
272	661666.66	16000.00
273	660999.99	16000.00
274	660333.32	16000.00
275	659666.66	16000.00
276	658999.99	16000.00
277	658333.32	16000.00
278	657666.66	16000.00
279	656999.99	16000.00
280	656333.32	16000.00
281	655666.66	16000.00
282	654999.99	16000.00
283	654333.32	16000.00
284	653666.66	16000.00
285	652999.99	16000.00
286	652333.32	16000.00
287	651666.66	16000.00
288	650999.99	16000.00
289	650333.32	16000.00
290	649666.66	16000.00
291	648999.99	16000.00
292	648333.32	16000.00
293	647666.66	16000.00
294	646999.99	16000.00
295	646333.32	16000.00
296	645666.66	16000.00
297	644999.99	16000.00
298	644333.32	16000.00
299	643666.66	16000.00
300	642999.99	16000.00
301	642333.32	16000.00
302	641666.66	16000.00
303	640999.99	16000.00
304	640333.32	16000.00
305	639666.66	16000.00
306	638999.99	16000.00
307	638333.32	16000.00
308	637666.66	16000.00
309	636999.99	16000.00
310	636333.32	16000.00
311	635666.66	16000.00
312	634999.99	16000.00
313	634333.32	16000.00
314	633666.66	16000.00
315	632999.99	16000.00
316	632333.32	16000.00
317	631666.66	16000.00
318	630999.99	16000.00
319	630333.32	16000.00
320	629666.66	16000.00
321	628999.99	16000.00
322	628333.32	16000.00
323	627666.66	16000.00
324	626999.99	16000.00
325	626333.32	16000.00
326	625666.66	16000.00
327	624999.99	16000.00
328	624333.32	16000.00
329	623666.66	16000.00
330	622999.99	16000.00
331	622333.32	16000.00
332	621666.66	16000.00
333	620999.99	16000.00
334	620333.32	16000.00
335	619666.66	16000.00
336	618999.99	16000.00
337	618333.32	16000.00
338	617666.66	16000.00
339	616999.99	16000.00
340	616333.32	16000.00
341	615666.66	16000.00
342	614999.99	16000.00
343	614333.32	16000.00
344	613666.66	16000.00
345	612999.99	16000.00
346	612333.32	16000.00
347	611666.66	16000.00
348	610999.99	16000.00
349	610333.32	16000.00
350	609666.66	16000.00
351	608999.99	16000.00
352	608333.32	16000.00
353	607666.66	16000.00
354	606999.99	16000.00
355	606333.32	16000.00
356	605666.66	16000.00
357	604999.99	16000.00
358	604333.32	16000.00
359	603666.66	16000.00
360	602999.99	16000.00
361	602333.32	16000.00
362	601666.66	16000.00
363	600999.99	16000.00
364	600333.32	16000.00
365	599666.66	16000.00
366	598999.99	16000.00
367	598333.32	16000.00
368	597666.66	16000.00
369	596999.99	16000.00
370	596333.32	16000.00
371	595666.66	16000.00
372	594999.99	16000.00
373	594333.32	16000.00
374	593666.66	16000.00
375	592999.99	16000.00
376	592333.32	16000.00
377	591666.66	16000.00
378	590999.99	16000.00
379	590333.32	16000.00
380	589666.66	16000.00
381	588999.99	16000.00
382	588333.32	16000.00
383	587666.66	16000.00
384	586999.99	16000.00
385	586333.32	16000.00
386	585666.66	16000.00
387	584999.99	16000.00
388	584333.32	16000.00
389	583666.66	16000.00
390	582999.99	16000.00
391	582333.32	16000.00
392	581666.66	16000.00
393	580999.99	16000.00
394	580333.32	16000.00
395	579666.66	16000.00
396	578999.99	16000.00
397	578333.32	16000.00
398	577666.66	16000.00
399	576999.99	16000.00
400	576333.32	16000.00
401	575666.66	16000.00
402	574999.99	16000.00
403	574333.32	16000.00
404	573666.66	16000.00
405	572999.99	16000.00
406	572333.32	16000.00
407	571666.66	16000.00
408	570999.99	16000.00
409	570333.32	16000.00
410	569666.66	16000.00
411	568999.99	16000.00
412	568333.32	16000.00
413	567666.66	16000.00
414	566999.99	16000.00
415	566333.32	16000.00
416	565666.66	16000.00
417	564999.99	16000.00
418	564333.32	16000.00
419	563666.66	16000.00
420	562999.99	16000.00
421	562333.32	16000.00
422	561666.66	16000.00
423	560999.99	16000.00
424	560333.32	16000.00
425	559666.66	16000.00
426	558999.99	16000.00
427	558333.32	16000.00
428	557666.66	16000.00
429	556999.99	16000.00
430	556333.32	16000.00
431	555666.66	16000.00
432	554999.99	16000.00
433	554333.32	16000.00
434	553666.66	16000.00
435	552999.99	16000.00
436	552333.32	16000.00
437	551666.66	16000.00
438	550999.99	16000.00
439	550333.32	16000.00
440	549666.66	16000.00
441	548999.99	16000.00
442	548333.32	16000.00
443	547666.66	16000.00
444	546999.99	16000.00
445	546333.32	16000.00
446	545666.66	16000.00
447	544999.99	16000.00
448	544333.32	16000.00
449	543666.66	16000.00
450	542999.99	16000.00
451	542333.32	16000.00
452	541666.66	16000.00
453	540999.99	16000.00
454	540333.32	16000.00
455	539666.66	16000.00
456	538999.99	16000.00
457	538333.32	16000.00
458	537666.66	16000.00
459	536999.99	16000.00
460	536333.32	16000.00
461	535666.66	16000.00
462	534999.99	16000.00
463	534333.32	16000.00
464	533666.66	16000.00
465	532999.99	16000.00
466	532333.32	16000.00
467	531666.66	16000.00
468	530999.99	16000.00
469	530333.32	16000.00
470	529666.66	16000.00
471	528999.99	16000.00
472	528333.32	16000.00
473	527666.66	16000.00
474	526999.99	16000.00
475	526333.32	16000.00
476	525666.66	16000.00
477	524999.99	16000.00
478	524333.32	16000.00
479	523666.66	16000.00
480	522999.99	16000.00
481	522333.32	16000.00
482	521666.66	16000.00
483	520999.99	16000.00
484	520333.32	16000.00
485	519666.66	16000.00
486	518999.99	16000.00
487	518333.32	16000.00
488	517666.66	16000.00
489	516999.99	16000.00
490	516333.32	16000.00
491	515666.66	16000.00
492	514999.99	16000.00
493	514333.32	16000.00
494	513666.66	16000.00
495	512999.99	16000.00
496	512333.32	16000.00
497	511666.66	16000.00
498	510999.99	16000.00
499	510333.32	16000.00
500	509666.66	16000.00
501	508999.99	16000.00
502	508333.32	16000.00
503	507666.66	16000.00
504	506999.99	16000.00
505	506333.32	16000.00
506	505666.66	16000.00
507	504999.99	16000.00
508	504333.32	16000.00
509	503666.66	16000.00
510	502999.99	16000.00
511	502333.32	16000.00
512	501666.66	16000.00
513	500999.99	16000.00
514	500333.32	16000.00
515	499666.66	16000.00
516	498999.99	16000.00
517	498333.32	16000.00
518	497666.66	16000.00
519	496999.99	16000.00
520	496333.32	16000.00
521	495666.66	16000.00
522	494999.99	16000.00
523	494333.32	16000.00
524	493666.66	16000.00
525	492999.99	16000.00
526	492333.32	16000.00
527	491666.66	16000.00
528	490999.99	16000.00
529	490333.32	16000.00
530	489666.66	16000.00
531	488999.99	16000.00
532	488333.32	16000.00
533	487666.66	16000.00
534	486999.99	16000.00
535	486333.32	16000.00
536	485666.66	16000.00
537	484999.99	16000.00
538	484333.32	16000.00
539	483666.66	16000.00
540	482999.99	16000.00
541	482333.32	16000.00
542	481666.66	16000.00
543	480999.99	16000.00
544	480333.32	16000.00
545	479666.66	16000.00
546	478999.99	16000.00
547	478333.32	16000.00
548	477666.66	16000.00
549	476999.99	16000.00
550	476333.32	16000.00
551	475666.66	16000.00
552	474999.99	16000.00
553	474333.32	16000.00
554	473666.66	16000.00
555	472999.99	16000.00
556	472333.32	16000.00
557	471666.66	16000.00
558	470999.99	16000.00
559	470333.32	16000.00
560	469666.66	16000.00
561	468999.99	16000.00
562	468333.32	16000.00
563	467666.66	16000.00
564	466999.99	16000.00
565	466333.32	16000.00
566	465666.66	16000.00
567	464999.99	16000.00
568	464333.32	16000.00
569	463666.66	16000.00
570	462999.99	16000.00
571	462333.32	16000.00
572	461666.66	16000.00
573	460999.99	16000.00
574	460333.32	16000.00
575	459666.66	16000.00
576	458999.99	16000.00
577	458333.32	16000.00
578	457666.66	16000.00
579	456999.99	16000.00
580	456333.32	16000.00
581	455666.66	16000.00
582	454999.99	16000.00
583	454333.32	16000.00
584	453666.66	16000.00
585	452999.99	16000.00
586	452333.32	16000.00
587	451666.66	16000.00
588	450999.99	16000.00
589	450333.32	16000.00
590	449666.66	16000.00
591	448999.99	16000.00
592	448333.32	16000.00
593	447666.66	16000.00
594	446999.99	16000.00
595	446333.32	16000.00
596	445666.66	16000.00
597	444999.99	16000.00
598	444333.32	16000.00
599	443666.66	16000.00
600	442999.99	16000.00
601	442333.32	16000.00
602	441666.66	16000.00
603	440999.99	16000.00
604	440333.32	16000.00
605	439666.66	16000.00
606	438999.99	16000.00
607	438333.32	16000.00
608	437666.66	16000.00
609	436999.99	16000.00
610	436333.32	16000.00
611	435666.66	16000.00
612	434999.99	16000.00
613	434333.32	16000.00
614	433666.66	16000.00
615	432999.99	16000.00
616	432333.32	16000.00
617	431666.66	16000.00
618	430999.99	16000.00
619	430333.32	16000.00
620	429666.66	16000.00
621	428999.99	16000.00
622	428333.32	16000.00
623	427666.66	16000.00
624	426999.99	16000.00
625	426333.32	16000.00
626	425666.66	16000.00
627	424999.99	16000.00
628	424333.32	16000.00
629	423666.66	16000.00
630	422999.99	16000.00
631	422333.32	16000.00
632	421666.66	16000.00
633	420999.99	16000.00
634	420333.32	16000.00
635	419666.66	16000.00
636	418999.99	16000.00
637	418333.32	16000.00
638	417666.66	16000.00
639	416999.99	16000.00
640	416333.32	16000.00
641	415666.66	16000.00
642	414999.99	16000.00
643	414333.32	16000.00
644	413666.66	16000.00
645	412999.99	16000.00
646	412333.32	16000.00
647	411666.66	16000.00
648	410999.99	16000.00
649	410333.32	16000.00
650	409666.66	16000.00
651	408999.99	16000.00
652	408333.32	16000.00
653	407666.66	16000.00
654	406999.99	16000.00
655	406333.32	16000.00
656	405666.66	16000.00
657	404999.99	16000.00
658	404333.32	16000.00
659	403666.66	16000.00
660	402999.99	16000.00
661	402333.32	16000.00
662	401666.66	16000.00
663	400999.99	16000.00
664	400333.32	16000.00
665	399666.66	16000.00
666	398999.99	16000.00
667	398333.32	16000.00
668	397666.66	16000.00
669	396999.99	16000.00
670	396333.32	16000.00
671	395666.66	16000.00
672	394999.99	16000.00
673	394333.32	16000.00
674	393666.66	16000.00
675	392999.99	16000.00
676	392333.32	16000.00
677	391666.66	16000.00
678	390999.99	16000.00
679	390333.32	16000.00
680	389666.66	16000.00
681	388999.99	16000.00
682	388333.32	16000.00
683	387666.66	16000.00
684	386999.99	16000.00
685	386333.32	16000.00
686	385666.66	16000.00
687	384999.99	16000.00
688	384333.32	16000.00
689	383666.66	16000.00
690	382999.99	16000.00
691	382333.32	16000.00
692	381666.66	16000.00
693	380999.99	16000.00
694	380333.32	16000.00
695	379666.66	16000.00
696	378999.99	16000.00
697	378333.32	16000.00
698	377666.66	16000.00
699	376999.99	16000.00
700	376333.32	16000.00
701	375666.66	16000.00
702	374999.99	16000.00
703	374333.32	16000.00
704	373666.66	16000.00
705	372999.99	16000.00
706	372333.32	16000.00
707	371666.66	16000.00
708	370999.99	16000.00
709	370333.32	16000.00
710	369666.66	16000.00
711	368999.99	16000.00
712	368333.32	16000.00
713	367666.66	16000.00
714	366999.99	16000.00
715	366333.32	16000.00
716	365666.66	16000.00
717	364999.99	16000.00
718	364333.32	16000.00
719	363666.66	16000.00
720	362999.99	16000.00
721	362333.32	16000.00
722	361666.66	16000.00
723	360999.99	16000.00
724	360333.32	16000.00
725	359666.66	16000.00
726	358999.99	16000.00
727	358333.32	16000.00
728	357666.66	16000.00
729	356999.99	16000.00
730	356333.32	16000.00
731	355666.66	16000.00
732	354999.99	16000.00
733	354333.32	16000.00
734	353666.66	16000.00
735	352999.99	16000.00
736	352333.32	16000.00
737	351666.66	16000.00
738	350999.99	16000.00
739	350333.32	16000.00
740	349666.66	16000.00
741	348999.99	16000.00
742	348333.32	16000.00
743	347666.66	16000.00
744	346999.99	16000.00
745	346333.32	16000.00
746	345666.66	16000.00
747	344999.99	16000.00
748	344333.32	16000.00
749	343666.66	16000.00
750	342999.99	16000.00
751	342333.32	16000.00
752	341666.66	16000.00
753	340999.99	16000.00
754	340333.32	16000.00
755	339666.66	16000.00
756	338999.99	16000.00
757	338333.32	15987.17
758	337667.19	15948.89
759	337002.65	15885.82
760	336340.75	15799.04
761	335682.45	15690.03
762	335028.70	15560.66
763	334380.34	15413.14
764	333738.13	15250.00
765	333102.71	15074.03
766	332474.62	14888.23
767	331854.28	14695.79
768	331241.96	14500.00
769	330637.79	14304.21
770	330041.78	14111.77
771	329453.79	13925.97
772	328873.54	13750.00
773	328300.63	13586.86
774	327734.51	13439.34
775	327174.53	13309.97
776	326619.95	13200.96
777	326069.91	13114.18
778	325523.49	13051.11
779	324979.69	13012.83
780	324437.49	13000.00
781	323895.82	13012.83
782	323353.62	13051.11
783	322809.83	13114.18
784	322263.40	13200.96
785	321713.36	13309.97
786	321158.78	13439.34
787	320598.81	13586.86
788	320032.69	13750.00
789	319459.77	13925.97
790	318879.52	14111.77
791	318291.53	14304.21
792	317695.52	14500.00
793	317091.36	14695.79
794	316479.03	14888.23
795	315858.69	15074.03
796	315230.60	15250.00
797	314595.19	15413.14
798	313952.97	15560.66
799	313304.61	15690.03
800	312650.86	15799.04
801	311992.57	15885.82
802	311330.66	15948.89
803	310666.12	15987.17
804	309999.99	16000.00
805	309333.32	16000.00
806	308666.66	16000.00
807	307999.99	16000.00
808	307333.32	16000.00
809	306666.66	16000.00
810	305999.99	16000.00
811	305333.32	16000.00
812	304666.66	16000.00
813	303999.99	16000.00
814	303333.32	16000.00
815	302666.66	16000.00
816	301999.99	16000.00
817	301333.32	16000.00
818	300666.66	16000.00
819	299999.99	16000.00
820	299333.32	16000.00
821	298666.66	16000.00
822	297999.99	16000.00
823	297333.32	16000.00
824	296666.66	16000.00
825	295999.99	16000.00
826	295333.32	16000.00
827	294666.66	16000.00
828	293999.99	16000.00
829	293333.32	16000.00
830	292666.66	16000.00
831	291999.99	16000.00
832	291333.32	16000.00
833	290666.66	16000.00
834	289999.99	16000.00
835	289333.32	16000.00
836	288666.66	16000.00
837	287999.99	16000.00
838	287333.32	16000.00
839	286666.66	16000.00
840	285999.99	16000.00
841	285333.32	16000.00
842	284666.66	16000.00
843	283999.99	16000.00
844	283333.32	16000.00
845	282666.66	16000.00
846	281999.99	16000.00
847	281333.32	16000.00
848	280666.66	16000.00
849	279999.99	16000.00
850	279333.32	16000.00
851	278666.66	16000.00
852	277999.99	16000.00
853	277333.32	16000.00
854	276666.66	16000.00
855	275999.99	16000.00
856	275333.32	16000.00
857	274666.66	16000.00
858	273999.99	16000.00
859	273333.32	16000.00
860	272666.66	16000.00
861	271999.99	16000.00
862	271333.32	16000.00
863	270666.66	16000.00
864	269999.99	16000.00
865	269333.32	16000.00
866	268666.66	16000.00
867	267999.99	16000.00
868	267333.32	16000.00
869	266666.66	16000.00
870	265999.99	16000.00
871	265333.32	16000.00
872	264666.66	16000.00
873	263999.99	16000.00
874	263333.32	16000.00
875	262666.66	16000.00
876	261999.99	16000.00
877	261333.32	16000.00
878	260666.66	16000.00
879	259999.99	16000.00
880	259333.32	16000.00
881	258666.66	16000.00
882	257999.99	16000.00
883	257333.32	16000.00
884	256666.66	16000.00
885	255999.99	16000.00
886	255333.32	16000.00
887	254666.66	16000.00
888	253999.99	16000.00
889	253333.32	16000.00
890	252666.66	16000.00
891	251999.99	16000.00
892	251333.32	16000.00
893	250666.66	16000.00
894	249999.99	16000.00
895	249333.32	16000.00
896	248666.66	16000.00
897	247999.99	16000.00
898	247333.32	16000.00
899	246666.66	16000.00
900	245999.99	16000.00
901	245333.32	16000.00
902	244666.66	16000.00
903	243999.99	16000.00
904	243333.32	16000.00
905	242666.66	16000.00
906	241999.99	16000.00
907	241333.32	16000.00
908	240666.66	16000.00
909	239999.99	16000.00
910	239333.32	16000.00
911	238666.66	16000.00
912	237999.99	16000.00
913	237333.32	16000.00
914	236666.66	16000.00
915	235999.99	16000.00
916	235333.32	16000.00
917	234666.66	16000.00
918	233999.99	16000.00
919	233333.32	16000.00
920	232666.66	16000.00
921	231999.99	16000.00
922	231333.32	16000.00
923	230666.66	16000.00
924	229999.99	16000.00
925	229333.32	16000.00
926	228666.66	16000.00
927	227999.99	16000.00
928	227333.32	16000.00
929	226666.66	16000.00
930	225999.99	16000.00
931	225333.32	16000.00
932	224666.66	16000.00
933	223999.99	16000.00
934	223333.32	16000.00
935	222666.66	16000.00
936	221999.99	16000.00
937	221333.32	16000.00
938	220666.66	16000.00
939	219999.99	16000.00
940	219333.32	16000.00
941	218666.66	16000.00
942	217999.99	16000.00
943	217333.32	16000.00
944	216666.66	16000.00
945	215999.99	16000.00
946	215333.32	16000.00
947	214666.66	16000.00
948	213999.99	16000.00
949	213333.32	16006.34
950	212666.39	16025.32
951	211998.67	16056.79
952	211329.64	16100.51
953	210658.78	16156.15
954	209985.61	16223.29
955	209309.64	16301.41
956	208630.41	16389.93
957	207947.50	16488.16
958	207260.49	16595.36
959	206569.02	16710.71
960	205872.74	16833.34
961	205171.35	16962.30
962	204464.59	17096.64
963	203752.23	17235.30
964	203034.09	17377.26
965	202310.04	17521.41
966	201579.98	17666.67
967	200843.87	17811.93
968	200101.71	17956.08
969	199353.54	18098.04
970	198599.45	18236.70
971	197839.59	18371.04
972	197074.13	18500.01
973	196303.29	18622.63
974	195527.35	18737.98
975	194746.60	18845.18
976	193961.39	18943.41
977	193172.08	19031.93
978	192379.08	19110.05
979	191582.83	19177.19
980	190783.78	19232.83
981	189982.41	19276.55
982	189179.22	19308.02
983	188374.72	19327.00
984	187569.43	19333.34
985	186763.87	19327.00
986	185958.58	19308.02
987	185154.08	19276.55
988	184350.89	19232.83
989	183549.52	19177.19
990	182750.47	19110.05
991	181954.22	19031.93
992	181161.23	18943.41
993	180371.92	18845.18
994	179586.70	18737.98
995	178805.95	18622.63
996	178030.01	18500.01
997	177259.17	18371.04
998	176493.72	18236.70
999	175733.85	18098.04
1000	174979.77	17956.08
1001	174231.60	17811.93
1002	173489.43	17666.67
1003	172753.32	17521.41
1004	172023.26	17377.26
1005	171299.21	17235.30
1006	170581.07	17096.64
1007	169868.71	16962.30
1008	169161.95	16833.34
1009	168460.56	16710.71
1010	167764.28	16714.42
1011	167067.85	16585.79
1012	166376.77	16467.91
1013	165690.61	16361.70
1014	165008.87	16267.95
1015	164331.04	16187.38
1016	163656.57	16120.61
1017	162984.88	16068.15
1018	162315.37	16030.38
1019	161647.44	16007.61
1020	160980.45	16000.00
1021	160313.79	16007.61
1022	159646.80	16030.38
1023	158978.87	16000.00
1024	158312.20	16000.00
1025	157645.54	16000.00
1026	156978.87	16000.00
1027	156312.20	16000.00
1028	155645.54	16000.00
1029	154978.87	16000.00
1030	154312.20	16000.00
1031	153645.54	16000.00
1032	152978.87	16000.00
1033	152312.20	16000.00
1034	151645.54	16000.00
1035	150978.87	16000.00
1036	150312.20	16000.00
1037	149645.54	16000.00
1038	148978.87	16000.00
1039	148312.20	16000.00
1040	147645.54	16000.00
1041	146978.87	16000.00
1042	146312.20	16000.00
1043	145645.54	16000.00
1044	144978.87	16000.00
1045	144312.20	16000.00
1046	143645.54	16000.00
1047	142978.87	16000.00
1048	142312.20	16000.00
1049	141645.54	16000.00
1050	140978.87	16000.00
1051	140312.20	16000.00
1052	139645.54	16000.00
1053	138978.87	16000.00
1054	138312.20	16000.00
1055	137645.54	16000.00
1056	136978.87	16000.00
1057	136312.20	16000.00
1058	135645.54	16000.00
1059	134978.87	16000.00
1060	134312.20	16000.00
1061	133645.54	16000.00
1062	132978.87	16000.00
1063	132312.20	16000.00
1064	131645.54	16000.00
1065	130978.87	16000.00
1066	130312.20	16000.00
1067	129645.54	16000.00
1068	128978.87	16000.00
1069	128312.20	16000.00
1070	127645.54	16000.00
1071	126978.87	16000.00
1072	126312.20	16000.00
1073	125645.54	16000.00
1074	124978.87	16000.00
1075	124312.20	16000.00
1076	123645.54	16000.00
1077	122978.87	16000.00
1078	122312.20	16000.00
1079	121645.54	16000.00
1080	120978.87	16000.00
1081	120312.20	16000.00
1082	119645.54	16000.00
1083	118978.87	16000.00
1084	118312.20	16000.00
1085	117645.54	16000.00
1086	116978.87	16000.00
1087	116312.20	16000.00
1088	115645.54	16000.00
1089	114978.87	16000.00
1090	114312.20	16000.00
1091	113645.54	16000.00
1092	112978.87	16000.00
1093	112312.20	16000.00
1094	111645.54	16000.00
1095	110978.87	16000.00
1096	110312.20	16000.00
1097	109645.54	16000.00
1098	108978.87	16000.00
1099	108312.20	16000.00
1100	107645.54	16000.00
1101	106978.87	16000.00
1102	106312.20	16000.00
1103	105645.54	16000.00
1104	104978.87	16000.00
1105	104312.20	16000.00
1106	103645.54	16000.00
1107	102978.87	16000.00
1108	102312.20	16000.00
1109	101645.54	16000.00
1110	100978.87	16000.00
1111	100312.20	16000.00
1112	99645.54	16000.00
1113	98978.87	16000.00
1114	98312.20	16000.00
1115	97645.54	16000.00
1116	96978.87	16000.00
1117	96312.20	16000.00
1118	95645.54	16000.00
1119	94978.87	16000.00
1120	94312.20	16000.00
1121	93645.54	16000.00
1122	92978.87	16000.00
1123	92312.20	16000.00
1124	91645.54	16000.00
1125	90978.87	16000.00
1126	90312.20	16000.00
1127	89645.54	16000.00
1128	88978.87	16000.00
1129	88312.20	16000.00
1130	87645.54	16000.00
1131	86978.87	16000.00
1132	86312.20	16000.00
1133	85645.54	16000.00
1134	84978.87	16000.00
1135	84312.20	16000.00
1136	83645.54	16000.00
1137	82978.87	16000.00
1138	82312.20	16000.00
1139	81645.54	16000.00
1140	80978.87	16000.00
1141	80312.20	16000.00
1142	79645.54	16000.00
1143	78978.87	16000.00
1144	78312.20	16000.00
1145	77645.54	16000.00
1146	76978.87	16000.00
1147	76312.20	16000.00
1148	75645.54	16000.00
1149	74978.87	16000.00
1150	74312.20	16000.00
1151	73645.54	16000.00
1152	72978.87	16000.00
1153	72312.20	16000.00
1154	71645.54	16000.00
1155	70978.87	16000.00
1156	70312.20	16000.00
1157	69645.54	16000.00
1158	68978.87	16000.00
1159	68312.20	16000.00
1160	67645.54	16000.00
1161	66978.87	16000.00
1162	66312.20	16000.00
1163	65645.54	16000.00
1164	64978.87	16000.00
1165	64312.20	16000.00
1166	63645.54	16000.00
1167	62978.87	16000.00
1168	62312.20	16000.00
1169	61645.54	16000.00
1170	60978.87	16000.00
1171	60312.20	16000.00
1172	59645.54	16000.00
1173	58978.87	16000.00
1174	58312.20	16000.00
1175	57645.54	16000.00
1176	56978.87	16000.00
1177	56312.20	16000.00
1178	55645.54	16000.00
1179	54978.87	16000.00
1180	54312.20	16000.00
1181	53645.54	16000.00
1182	52978.87	16000.00
1183	52312.20	16000.00
1184	51645.54	16000.00
1185	50978.87	16000.00
1186	50312.20	16000.00
1187	49645.54	16000.00
1188	48978.87	16000.00
1189	48312.20	16000.00
1190	47645.54	16000.00
1191	46978.87	16000.00
1192	46312.20	16000.00
1193	45645.54	16000.00
1194	44978.87	16000.00
1195	44312.20	16000.00
1196	43645.54	16000.00
1197	42978.87	16000.00
1198	42312.20	16000.00
1199	41645.54	16000.00
1200	40978.87	16000.00
1201	40312.20	16000.00
1202	39645.54	16000.00
1203	38978.87	16000.00
1204	38312.20	16000.00
1205	37645.54	16000.00
1206	36978.87	16000.00
1207	36312.20	16000.00
1208	35645.54	16000.00
1209	34978.87	16000.00
1210	34312.20	16000.00
1211	33645.54	16000.00
1212	32978.87	16000.00
1213	32312.20	16000.00
1214	31645.54	16000.00
1215	30978.87	16000.00
1216	30312.20	16000.00
1217	29645.54	16000.00
1218	28978.87	16000.00
1219	28312.20	16000.00
1220	27645.54	16000.00
1221	26978.87	16000.00
1222	26312.20	16000.00
1223	25645.54	16000.00
1224	24978.87	16000.00
1225	24312.20	16000.00
1226	23645.54	16000.00
1227	22978.87	16000.00
1228	22312.20	16000.00
1229	21645.54	16000.00
1230	20978.87	16000.00
1231	20312.20	16000.00
1232	19645.54	16000.00
1233	18978.87	16000.00
1234	18312.20	16000.00
1235	17645.54	16000.00
1236	16978.87	16000.00
1237	16312.20	16000.00
1238	15645.54	16000.00
1239	14978.87	16000.00
1240	14312.20	16000.00
1241	13645.54	16000.00
1242	12978.87	16000.00
1243	12312.20	16000.00
1244	11645.54	16000.00
1245	10978.87	16000.00
1246	10312.20	16000.00
1247	9645.54	16000.00
1248	8978.87	16000.00
1249	8312.20	16000.00
1250	7645.54	16000.00
1251	6978.87	16000.00
1252	6312.20	16000.00
1253	5645.54	16000.00
1254	4978.87	16000.00
1255	4312.20	16000.00
1256	3645.54	16000.00
1257	2978.87	16000.00
1258	2312.20	16000.00
1259	1645.54	16000.00
1260	978.87	16000.00
