frame	y	V	Wm-S2N3
0	0	16000	265000
1	0	16000	265000
2	0	16000	265000
3	0	16000	265000
4	0	16000	265000
5	0	16000	265000
6	0	16000	265000
7	0	16000	265000
8	0	16000	265000
9	0	16000	265000
10	0	16000	265000
11	0	16000	265000
12	0	16000	265000
13	0	16000	265000
14	0	16000	265000
15	0	16000	265000
16	0	16000	265000
17	0	16000	265000
18	0	16000	265000
19	667	16000	265000
20	1333	16000	265000
21	2000	16000	265000
22	2667	16000	265000
23	3333	16000	265000
24	4000	16000	265000
25	4667	16000	265000
26	5333	16000	265000
27	6000	16000	265000
28	6667	16000	265000
29	7333	16000	265000
30	8000	16000	265000
31	8667	16000	265000
32	9333	16000	265000
33	10000	16000	265000
34	10667	16000	265000
35	11333	16000	265000
36	12000	16000	265000
37	12667	16000	265000
38	13333	16000	265000
39	14000	16000	265000
40	14667	16000	265000
41	15333	16000	265000
42	16000	16000	265000
43	16667	16000	265000
44	17333	16000	265000
45	18000	16000	265000
46	18667	16000	265000
47	19333	16000	265000
48	20000	16000	265000
49	20667	16000	265000
50	21333	16000	265000
51	22000	16000	265000
52	22667	16000	265000
53	23333	16000	265000
54	24000	16000	265000
55	24667	16000	265000
56	25333	16000	265000
57	26000	16000	265000
58	26667	16000	265000
59	27333	16000	265000
60	28000	16000	265000
61	28667	16000	265000
62	29333	16000	265000
63	30000	16000	265000
64	30667	16000	265000
65	31333	16000	265000
66	32000	16000	265000
67	32667	16000	265000
68	33333	16000	265000
69	34000	16000	265000
70	34667	16000	265000
71	35333	16000	265000
72	36000	16000	265000
73	36667	16000	265000
74	37333	16000	265000
75	38000	16000	265000
76	38667	16000	265000
77	39333	16000	265000
78	40000	16000	265000
79	40667	16000	265000
80	41333	16000	265000
81	42000	16000	265000
82	42667	16000	265000
83	43333	16000	265000
84	44000	16000	265000
85	44667	16000	265000
86	45333	16000	265000
87	46000	16000	265000
88	46667	16000	265000
89	47333	16000	265000
90	48000	16000	265000
91	48667	16000	265000
92	49333	16000	265000
93	50000	16000	265000
94	50667	16000	265000
95	51333	16000	265000
96	52000	16000	265000
97	52667	16000	265000
98	53333	16000	265000
99	54000	16000	265000
100	54667	16000	265000
101	55333	16000	265000
102	56000	16000	265000
103	56667	16000	265000
104	57333	16000	265000
105	58000	16000	265000
106	58667	16000	265000
107	59333	16000	265000
108	60000	16000	265000
109	60667	16000	265000
110	61333	16000	265000
111	62000	16000	265000
112	62667	16000	265000
113	63333	16000	265000
114	64000	16000	265000
115	64667	16000	265000
116	65333	16000	265000
117	66000	16000	265000
118	66667	16000	265000
119	67333	16000	265000
120	68000	16000	265000
121	68667	16000	265000
122	69333	16000	265000
123	70000	16000	265000
124	70667	16000	265000
125	71333	16000	265000
126	72000	16000	265000
127	72667	16000	265000
128	73333	16000	265000
129	74000	16000	265000
130	74667	16000	265000
131	75333	16000	265000
132	76000	16000	265000
133	76667	16000	265000
134	77333	16000	265000
135	78000	16000	265000
136	78667	16000	265000
137	79333	16000	265000
138	80000	16000	265000
139	80667	16000	265000
140	81333	16000	265000
141	82000	16000	265000
142	82667	16000	265000
143	83333	16000	265000
144	84000	16000	265000
145	84667	16000	265000
146	85333	16000	265000
147	86000	16000	265000
148	86667	16000	265000
149	87333	16000	265000
150	88000	16000	265000
151	88667	16000	265000
152	89333	16000	265000
153	90000	16000	265000
154	90667	16000	265000
155	91333	16000	265000
156	92000	16000	265000
157	92667	16000	265000
158	93333	16000	265000
159	94000	16000	265000
160	94667	16000	265000
161	95333	16000	265000
162	96000	16000	265000
163	96667	16000	265000
164	97333	16000	265000
165	98000	16000	265000
166	98667	16000	265000
167	99333	16000	265000
168	100000	16000	265000
169	100667	16000	265000
170	101333	16000	265000
171	102000	16000	265000
172	102667	16000	265000
173	103333	16000	265000
174	104000	16000	265000
175	104667	16000	265000
176	105333	16000	265000
177	106000	16000	265000
178	106667	16000	265000
179	107333	16000	265000
180	108000	16000	265000
181	108667	16000	265000
182	109333	16000	265000
183	110000	16000	265000
184	110667	16000	265000
185	111333	16000	265000
186	112000	16000	265000
187	112667	16000	265000
188	113333	16000	265000
189	114000	16000	265000
190	114667	16000	265000
191	115333	16000	265000
192	116000	16000	265000
193	116667	16000	265000
194	117333	16000	265000
195	118000	16000	265000
196	118667	16000	265000
197	119333	16000	265000
198	120000	16000	265000
199	120667	16000	265000
200	121333	16000	265000
201	122000	16000	265000
202	122667	16000	265000
203	123333	16000	265000
204	124000	16000	265000
205	124667	16000	265000
206	125333	16000	265000
207	126000	16000	265000
208	126667	16000	265000
209	127333	16000	265000
210	128000	16000	265000
211	128666	15979	265000
212	129329	15915	265000
213	129988	15810	265000
214	130640	15665	265000
215	131285	15483	265000
216	131922	15268	265000
217	132548	15022	265000
218	133162	14750	265000
219	133764	14457	265000
220	134354	14147	265000
221	134930	13826	265000
222	135493	13500	265000
223	136041	13174	265000
224	136577	12853	265000
225	137100	12543	265000
226	137610	12250	265000
227	138109	11978	265000
228	138598	11732	265000
229	139078	11517	265000
230	139550	11335	265000
231	140016	11190	265000
232	140478	11085	265000
233	140938	11021	265000
234	141396	11000	265000
235	141855	11021	265000
236	142317	11085	265000
237	142783	11190	265000
238	143255	11335	265000
239	143735	11517	265000
240	144224	11732	265000
241	144723	11978	265000
242	145234	12250	265000
243	145756	12543	265000
244	146292	12853	265000
245	146841	13174	265000
246	147403	13500	265000
247	147979	13826	265000
248	148569	14147	265000
249	149171	14457	265000
250	149786	14750	265000
251	150412	15022	265000
252	151048	15268	265000
253	151693	15483	265000
254	152346	15665	265000
255	153004	15810	265000
256	153668	15915	265000
257	154333	15979	265000
258	155000	16000	265000
259	155667	16000	265000
260	156333	16000	265000
261	157000	16000	265000
262	157667	16000	265000
263	158333	16000	265000
264	159000	16000	265000
265	159667	16000	265000
266	160333	16000	265000
267	161000	16000	265000
268	161667	16000	265000
269	162333	16000	265000
270	163000	16000	265000
271	163667	16000	265000
272	164333	16000	265000
273	165000	16000	265000
274	165667	16000	265000
275	166333	16000	265000
276	167000	16000	265000
277	167667	16000	265000
278	168333	16000	265000
279	169000	16000	265000
280	169667	16000	265000
281	170333	16000	265000
282	171000	16000	265000
283	171667	16000	265000
284	172333	16000	265000
285	173000	16000	265000
286	173667	16000	265000
287	174333	16000	265000
288	175000	16000	265000
289	175667	16000	265000
290	176333	16000	265000
291	177000	16000	265000
292	177667	16000	265000
293	178333	16000	265000
294	179000	16000	265000
295	179667	16000	265000
296	180333	16000	265000
297	181000	16000	265000
298	181667	16000	265000
299	182333	16000	265000
300	183000	16000	265000
301	183667	16000	265000
302	184333	16000	265000
303	185000	16000	265000
304	185667	16000	265000
305	186333	16000	265000
306	187000	16000	265000
307	187667	16000	265000
308	188333	16000	265000
309	189000	16000	265000
310	189667	16000	265000
311	190333	16000	265000
312	191000	16000	265000
313	191667	16000	265000
314	192333	16000	265000
315	193000	16000	265000
316	193667	16000	265000
317	194333	16000	265000
318	195000	16000	265000
319	195667	16000	265000
320	196333	16000	265000
321	197000	16000	265000
322	197667	16000	265000
323	198333	16000	265000
324	199000	16000	265000
325	199667	16000	265000
326	200333	16000	265000
327	201000	16000	265000
328	201667	16000	265000
329	202333	16000	265000
330	203000	16000	265000
331	203667	16000	265000
332	204333	16000	265000
333	205000	16000	265000
334	205667	16000	265000
335	206333	16000	265000
336	207000	16000	265000
337	207667	16000	265000
338	208333	16000	265000
339	209000	16000	265000
340	209667	16000	265000
341	210333	16000	265000
342	211000	16000	265000
343	211667	16000	265000
344	212333	16000	265000
345	213000	16000	265000
346	213667	16000	265000
347	214333	16000	265000
348	215000	16000	265000
349	215667	16000	265000
350	216333	16000	265000
351	217000	16000	265000
352	217667	16000	265000
353	218333	16000	265000
354	219000	16000	265000
355	219667	16000	265000
356	220333	16000	265000
357	221000	16000	265000
358	221667	16000	265000
359	222333	16000	265000
360	223000	16000	265000
361	223667	16000	265000
362	224333	16000	265000
363	225000	16000	265000
364	225667	16000	265000
365	226333	16000	265000
366	227000	16000	265000
367	227667	16000	265000
368	228333	16000	265000
369	229000	16000	265000
370	229667	16000	265000
371	230333	16000	265000
372	231000	16000	265000
373	231667	16000	265000
374	232333	16000	265000
375	233000	16000	265000
376	233667	16000	265000
377	234333	16000	265000
378	235000	16000	265000
379	235667	16000	265000
380	236333	16000	265000
381	237000	16000	265000
382	237667	16000	265000
383	238333	16000	265000
384	239000	16000	265000
385	239667	16000	265000
386	240333	16000	265000
387	241000	16000	265000
388	241667	16000	265000
389	242333	16000	265000
390	243000	16000	265000
391	243667	16000	265000
392	244333	16000	265000
393	245000	16000	265000
394	245667	16000	265000
395	246333	16000	265000
396	247000	16000	265000
397	247667	16000	265000
398	248333	16000	265000
399	249000	16000	265000
400	249667	16000	265000
401	250333	16000	265000
402	251000	16000	265000
403	251668	16034	265000
404	252340	16134	265000
405	253019	16293	265000
406	253707	16500	265000
407	254404	16741	265000
408	255113	17000	265000
409	255832	17259	265000
410	256561	17500	265000
411	257299	17707	265000
412	258043	17866	265000
413	258792	17966	265000
414	259542	18000	265000
415	260290	17966	265000
416	261035	17866	265000
417	261772	17707	265000
418	262502	17500	265000
419	263221	17259	265000
420	263929	17000	265000
421	264627	16741	265000
422	265314	16500	265000
423	265993	16293	265000
424	266665	16134	265000
425	267333	16034	265000
426	268000	16000	265000
427	268667	16000	265000
428	269333	16000	265000
429	270000	16000	265000
430	270667	16000	265000
431	271333	16000	265000
432	272000	16000	265000
433	272667	16000	265000
434	273333	16000	265000
435	274000	16000	265000
436	274667	16000	265000
437	275333	16000	265000
438	276000	16000	265000
439	276667	16000	265000
440	277333	16000	265000
441	278000	16000	265000
442	278667	16000	265000
443	279333	16000	265000
444	280000	16000	265000
445	280667	16000	265000
446	281333	16000	265000
447	282000	16000	265000
448	282667	16000	265000
449	283333	16000	265000
450	284000	16000	265000
451	284667	16000	265000
452	285333	16000	265000
453	286000	16000	265000
454	286667	16000	265000
455	287333	16000	265000
456	288000	16000	265000
457	288667	16000	265000
458	289333	16000	265000
459	290000	16000	265000
460	290667	16000	265000
461	291333	16000	265000
462	292000	16000	265000
463	292667	16000	265000
464	293333	16000	265000
465	294000	16000	265000
466	294667	16000	265000
467	295333	16000	265000
468	296000	16000	265000
469	296667	16000	265000
470	297333	16000	265000
471	298000	16000	265000
472	298667	16000	265000
473	299333	16000	265000
474	300000	16000	265000
475	300667	16000	265000
476	301333	16000	265000
477	302000	16000	265000
478	302667	16000	265000
479	303333	16000	265000
480	304000	16000	265000
481	304667	16000	265000
482	305333	16000	265000
483	306000	16000	265000
484	306667	16000	265000
485	307333	16000	265000
486	308000	16000	265000
487	308667	16000	265000
488	309333	16000	265000
489	310000	16000	265000
490	310667	16000	265000
491	311333	16000	265000
492	312000	16000	265000
493	312667	16000	265000
494	313333	16000	265000
495	314000	16000	265000
496	314667	16000	265000
497	315333	16000	265000
498	316000	16000	265000
499	316667	16000	265000
500	317333	16000	265000
501	318000	16000	265000
502	318667	16000	265000
503	319333	16000	265000
504	320000	16000	265000
505	320667	16000	265000
506	321333	16000	265000
507	322000	16000	265000
508	322667	16000	265000
509	323333	16000	265000
510	324000	16000	265000
511	324667	16000	265000
512	325333	16000	265000
513	326000	16000	265000
514	326667	16000	265000
515	327333	16000	265000
516	328000	16000	265000
517	328667	16000	265000
518	329333	16000	265000
519	330000	16000	265000
520	330667	16000	265000
521	331333	16000	265000
522	332000	16000	265000
523	332667	16000	265000
524	333333	16000	265000
525	334000	16000	265000
526	334667	16000	265000
527	335333	16000	265000
528	336000	16000	265000
529	336667	16000	265000
530	337333	16000	265000
531	338000	16000	265000
532	338667	16000	265000
533	339333	16000	265000
534	340000	16000	265000
535	340667	16000	265000
536	341333	16000	265000
537	342000	16000	265000
538	342667	16000	265000
539	343333	16000	265000
540	344000	16000	265000
541	344667	16000	265000
542	345333	16000	265000
543	346000	16000	265000
544	346667	16000	265000
545	347333	16000	265000
546	348000	16000	265000
547	348667	16000	265000
548	349333	15998	265000
549	350000	15991	265000
550	350665	15980	265000
551	351331	15964	265000
552	351995	15943	265000
553	352658	15919	265000
554	353320	15889	265000
555	353981	15856	265000
556	354640	15818	265000
557	355297	15776	265000
558	355953	15729	265000
559	356606	15679	265000
560	357257	15624	265000
561	357905	15565	265000
562	358551	15503	265000
563	359195	15437	265000
564	359835	15367	265000
565	360472	15293	265000
566	361106	15216	265000
567	361737	15135	265000
568	362364	15052	265000
569	362987	14965	265000
570	363607	14875	265000
571	364223	14783	265000
572	364835	14687	265000
573	365443	14589	265000
574	366047	14489	265000
575	366646	14386	265000
576	367241	14282	265000
577	367832	14175	265000
578	368418	14066	265000
579	368999	13956	265000
580	369576	13845	265000
581	370148	13732	265000
582	370716	13618	265000
583	371278	13503	265000
584	371836	13387	265000
585	372389	13270	265000
586	372937	13154	265055
587	373480	13036	265109
588	374019	12919	265163
589	374552	12802	265216
590	375081	12685	265269
591	375604	12569	265322
592	376123	12453	265373
593	376637	12338	265425
594	377147	12224	265476
595	377651	12111	265526
596	378151	11999	265576
597	378647	11889	265626
598	379137	11781	265675
599	379624	11674	265723
600	380106	11569	265772
601	380584	11467	265819
602	381057	11366	265867
603	381527	11268	265914
604	381992	11173	265960
605	382454	11080	266006
606	382912	10991	266052
607	383366	10904	266098
608	383817	10820	266143
609	384265	10740	266188
610	384709	10663	266232
611	385150	10589	266276
612	385588	10519	266320
613	386024	10453	266363
614	386457	10390	266407
615	386887	10332	266450
616	387316	10277	266493
617	387742	10226	266535
618	388166	10180	266578
619	388588	10138	266620
620	389009	10100	266662
621	389429	10066	266704
622	389847	10037	266746
623	390264	10012	266787
624	390680	9992	266829
625	391096	9976	266871
626	391511	9965	266912
627	391926	9958	266954
628	392415	9956	266995
629	392830	9958	267006
630	393243	9965	267023
631	393656	9976	267052
632	394068	9992	267092
633	394479	10012	267143
634	394889	10037	267206
635	395297	10066	267281
636	395704	10100	267367
637	396109	10138	267464
638	396512	10180	267574
639	396913	10226	267695
640	397311	10277	267827
641	397708	10332	267972
642	398101	10390	268128
643	398492	10453	268297
644	398880	10519	268478
645	399264	10589	268671
646	399644	10663	268876
647	400020	10740	269094
648	400392	10820	269324
649	400759	10904	269567
650	401121	10991	269823
651	401478	11080	270092
652	401828	11173	270373
653	402172	11268	270668
654	402509	11366	270976
655	402839	11467	271297
656	403161	11569	271631
657	403475	11674	271978
658	403779	11781	272339
659	404074	11889	272713
660	404359	11999	273099
661	404633	12111	273499
662	404895	12224	273912
663	405146	12338	274337
664	405383	12453	274776
665	405608	12569	275226
666	405818	12685	275689
667	406013	12802	276163
668	406193	12919	276649
669	406356	13036	277146
670	406503	13154	277653
671	406632	13270	278171
672	406743	13387	278699
673	406835	13503	279236
674	406907	13618	279781
675	406959	13732	280334
676	406990	13845	280894
677	407000	13956	281461
678	407000	14066	282033
679	407059	14175	282623
680	407119	14282	283218
681	407178	14386	283818
682	407239	14489	284421
683	407300	14589	285029
684	407361	14687	285641
685	407422	14783	286257
686	407484	14875	286877
687	407547	14965	287501
688	407609	15052	288128
689	407673	15135	288758
690	407736	15216	289392
691	407800	15293	290030
692	407864	15367	290670
693	407928	15437	291313
694	407993	15503	291959
695	408057	15565	292608
696	408123	15624	293259
697	408188	15679	293912
698	408253	15729	294567
699	408319	15776	295225
700	408385	15818	295884
701	408451	15856	296544
702	408517	15889	297206
703	408584	15919	297870
704	408650	15943	298534
705	408717	15964	299199
706	408783	15980	299865
707	408850	15991	300531
708	408916	15998	301198
709	408983	16000	301864
710	409000	16000	302334
711	409000	16000	303000
712	409000	16000	303667
713	409000	16000	304334
714	409000	16000	305000
715	409000	16000	305667
716	409000	16000	306334
717	409000	16000	307000
718	409000	16000	307667
719	409000	16000	308334
720	409000	16000	309000
721	409000	16000	309667
722	409000	16000	310334
723	409000	16000	311000
724	409000	16000	311667
725	409000	16000	312334
726	409000	16000	313000
727	409000	16000	313667
728	409000	16000	314334
729	409000	16000	315000
730	409000	16000	315667
731	409000	16000	316334
732	409000	16000	317000
733	409000	16000	317667
734	409000	16000	318334
735	409000	16000	319000
736	409000	16000	319667
737	409000	16000	320334
738	409000	16000	321000
739	409000	16000	321667
740	409000	16000	322334
741	409000	16000	323000
742	409000	16000	323667
743	409000	16000	324334
744	409000	16000	325000
745	409000	16000	325667
746	409000	16000	326334
747	409000	16000	327000
748	409000	16000	327667
749	409000	16000	328334
750	409000	16000	329000
751	409000	16000	329667
752	409000	16000	330334
753	409000	16000	331000
754	409000	16000	331667
755	409000	16000	332334
756	409000	16000	333000
757	409000	16000	333667
758	409000	16000	334334
759	409000	16000	335000
760	409000	16000	335667
761	409000	16000	336334
762	409000	16000	337000
763	409000	16000	337667
764	409000	16000	338334
765	409000	16000	339000
766	409000	16000	339667
767	409000	16000	340334
768	409000	16000	341000
769	409000	16000	341667
770	409000	16000	342334
771	409000	16000	343000
772	409000	16000	343667
773	409000	16000	344334
774	409000	16000	345000
775	409000	16000	345667
776	409000	16000	346334
777	409000	16000	347000
778	409000	16000	347667
779	409000	16000	348334
780	409000	16000	349000
781	409000	16000	349667
782	409000	16000	350334
783	409000	16000	351000
784	409000	16000	351667
785	409000	16000	352334
786	409000	16000	353000
787	409000	16000	353667
788	409000	16000	354334
789	409000	16000	355000
790	409000	16000	355667
791	409000	16000	356334
792	409000	16000	357000
793	409000	16000	357667
794	409000	16000	358334
795	409000	16000	359000
796	409000	16000	359667
797	409000	16000	360334
798	409000	16000	361000
799	409000	16000	361667
800	409000	16000	362334
801	409000	16000	363000
802	409000	16000	363667
803	409000	16000	364334
804	409000	16000	365000
805	409000	16000	365667
806	409000	16000	366334
807	409000	16000	367000
808	409000	16000	367667
809	409000	16000	368334
810	409000	16000	369000
811	409000	16000	369667
812	409000	16000	370334
813	409000	16000	371000
814	409000	16000	371667
815	409000	16000	372334
816	409000	16000	373000
817	409000	16000	373667
818	409000	16000	374334
819	409000	16000	375000
820	409000	16000	375667
821	409000	16000	376334
822	409000	16000	377000
823	409000	16000	377667
824	409000	16000	378334
825	409000	16000	379000
826	409000	16000	379667
827	409000	16000	380334
828	409000	16000	381000
829	409000	16000	381667
830	409000	16000	382334
831	409000	16000	383000
832	409000	16000	383667
833	409000	16000	384334
834	409000	16000	385000
835	409000	16000	385667
836	409000	16000	386334
837	409000	16000	387000
838	409000	16000	387667
839	409000	16000	388334
840	409000	16000	389000
841	409000	16000	389667
842	409000	16000	390334
843	409000	16000	391000
844	409000	16000	391667
845	409000	16000	392334
846	409000	16000	393000
847	409000	16000	393667
848	409000	16000	394334
849	409000	16000	395000
850	409000	16000	395667
851	409000	16000	396334
852	409000	16000	397000
853	409000	16000	397667
854	409000	16000	398334
855	409000	16000	399000
856	409000	16000	399667
857	409000	16000	400334
858	409000	16000	401000
859	409000	16000	401667
860	409000	16000	402334
861	409000	16000	403000
862	409000	16000	403667
863	409000	16000	404334
864	409000	16000	405000
865	409000	16000	405667
866	409000	16000	406334
867	409000	16000	407000
868	409000	16000	407667
869	409000	16000	408334
870	409000	16000	409000
871	409000	16000	409667
872	409000	16000	410334
873	409000	16000	411000
874	409000	16000	411667
875	409000	16000	412334
876	409000	16000	413000
877	409000	16000	413667
878	409000	16000	414334
879	409000	16000	415000
880	409000	16000	415667
881	409000	16000	416334
882	409000	16000	417000
883	409000	16000	417667
884	409000	16000	418334
885	409000	16000	419000
886	409000	16000	419667
887	409000	16000	420334
888	409000	16000	421000
889	409000	16000	421667
890	409000	16000	422334
891	409000	16000	423000
892	409000	16000	423667
893	409000	16000	424334
894	409000	16000	425000
895	409000	16000	425667
896	409000	16000	426334
897	409000	16000	427000
898	409000	16000	427667
899	409000	16000	428334
900	409000	16000	429000
901	409000	16000	429667
902	409000	16000	430334
903	409000	16000	431000
904	409000	16000	431667
905	409000	16000	432334
906	409000	16000	433000
907	409000	16000	433667
908	409000	16000	434334
909	409000	16000	435000
910	409000	16000	435667
911	409000	16000	436334
912	409000	16000	437000
913	409000	16000	437667
914	409000	16000	438334
915	409000	16000	439000
916	409000	16000	439667
917	409000	16000	440334
918	409000	16000	441000
919	409000	16000	441667
920	409000	16000	442334
921	409000	16000	443000
922	409000	16000	443667
923	409000	16000	444334
924	409000	16000	445000
925	409000	16000	445667
926	409000	16000	446334
927	409000	16000	447000
928	409000	16000	447667
929	409000	16000	448334
930	409000	16000	449000
931	409000	16000	449667
932	409000	16000	450334
933	409000	16000	451000
934	409000	16000	451667
935	409000	16000	452334
936	409000	16000	453000
937	409000	16000	453667
938	409000	16000	454334
939	409000	16000	455000
940	409000	16000	455667
941	409000	16000	456334
942	409000	16000	457000
943	409000	16000	457667
944	409000	16000	458334
945	409000	16000	459000
946	409000	16000	459667
947	409000	16000	460334
948	409000	16000	461000
949	409000	16000	461667
950	409000	16000	462334
951	409000	16000	463000
952	409000	16000	463667
953	409000	16000	464334
954	409000	16000	465000
955	409000	16000	465667
956	409000	16000	466334
957	409000	16000	467000
958	409000	16000	467667
959	409000	16000	468334
960	409000	16000	469000
961	409000	16000	469667
962	409000	16000	470334
963	409000	16000	471000
964	409000	16000	471667
965	409000	16000	472334
966	409000	16000	473000
967	409000	16000	473667
968	409000	16000	474334
969	409000	16000	475000
970	409000	16000	475667
971	409000	16000	476334
972	409000	16000	477000
973	409000	16000	477667
974	409000	16000	478334
975	409000	16000	479000
976	409000	16000	479667
977	409000	16000	480334
978	409000	16000	481000
979	409000	16000	481667
980	409000	16000	482334
981	409000	16000	483000
982	409000	16000	483667
983	409000	16000	484334
984	409000	16000	485000
985	409000	16000	485667
986	409000	16000	486334
987	409000	16000	487000
988	409000	16000	487667
989	409000	16000	488334
990	409000	16000	489000
991	409000	16000	489667
992	409000	16000	490334
993	409000	16000	491000
994	409000	16000	491667
995	409000	16000	492334
996	409000	16000	493000
997	409000	16000	493667
998	409000	16000	494334
999	409000	16000	495000
1000	409000	16000	495667
1001	409000	16000	496334
1002	409000	16000	497000
1003	409000	16000	497667
1004	409000	16000	498334
1005	409000	16000	499000
1006	409000	16000	499667
1007	409000	16000	500334
1008	409000	16000	501000
1009	409000	16000	501667
1010	409000	16000	502333
1011	409000	16000	502998
1012	409000	16000	503660
1013	409000	16000	504318
1014	409000	16000	504972
1015	409000	16000	505620
1016	409000	16000	506262
1017	409000	16000	506898
1018	409000	16000	507526
1019	409000	16000	508146
1020	409000	16000	508758
1021	409000	16000	509362
1022	409000	16000	509958
1023	409000	16000	510546
1024	409000	16000	511127
1025	409000	16000	511700
1026	409000	16000	512266
1027	409000	16000	512826
1028	409000	16000	513380
1029	409000	16000	513930
1030	409000	16000	514477
1031	409000	16000	515021
1032	409000	16000	515563
1033	409000	16000	516104
1034	409000	16000	516647
1035	409000	16000	517190
1036	409000	16000	517737
1037	409000	16000	518287
1038	409000	16000	518841
1039	409000	16000	519401
1040	409000	16000	519968
1041	409000	16000	520540
1042	409000	16000	521121
1043	409000	16000	521709
1044	409000	16000	522305
1045	409000	16000	522909
1046	409000	16000	523521
1047	409000	16000	524142
1048	409000	16000	524770
1049	409000	16000	525405
1050	409000	16000	526047
1051	409000	16000	526696
1052	409000	16000	527349
1053	409000	16000	528008
1054	409000	16000	528670
1055	409000	16000	529334
1056	409000	16000	530000
1057	409000	16000	530667
1058	409000	16000	531334
1059	409000	16000	532000
1060	409000	16000	532667
1061	409000	16000	533334
1062	409000	16000	534000
1063	409000	16000	534667
1064	409000	16000	535334
1065	409000	16000	536000
1066	409000	16000	536667
1067	409000	16000	537334
1068	409000	16000	538000
1069	409000	16000	538667
1070	409000	16000	539334
1071	409000	16000	540000
1072	409000	16000	540667
1073	409000	16000	541334
1074	409000	16000	542000
1075	409000	16000	542667
1076	409000	16000	543334
1077	409000	16000	544000
1078	409000	16000	544667
1079	409000	16000	545334
1080	409000	16000	546000
1081	409000	16000	546667
1082	409000	16000	547334
1083	409000	16000	548000
1084	409000	16000	548667
1085	409000	16000	549334
1086	409000	16000	550000
1087	409000	16000	550667
1088	409000	16000	551334
1089	409000	16000	552000
1090	409000	16000	552667
1091	409000	16000	553334
1092	409000	16000	554000
1093	409000	16000	554667
1094	409000	16000	555334
1095	409000	16000	556000
1096	409000	16000	556667
1097	409000	16000	557334
1098	409000	16000	558000
1099	409000	16000	558667
1100	409000	16000	559334
1101	409000	16000	560000
1102	409000	16000	560667
1103	409000	16000	561334
1104	409000	16000	562000
1105	409000	16000	562667
1106	409000	16000	563334
1107	409000	16000	564000
1108	409000	16000	564667
1109	409000	16000	565334
1110	409000	16000	566000
1111	409000	16000	566667
1112	409000	16000	567334
1113	409000	16000	568000
1114	409000	16000	568667
1115	409000	16000	569334
1116	409000	16000	570000
1117	409000	16000	570667
1118	409000	16000	571334
1119	409000	16000	572000
1120	409000	16000	572667
1121	409000	16000	573334
1122	409000	16000	574000
1123	409000	16000	574667
1124	409000	16000	575334
1125	409000	16000	576000
1126	409000	16000	576667
1127	409000	16000	577334
1128	409000	16000	578000
1129	409000	16000	578667
1130	409000	16000	579334
1131	409000	16000	580000
1132	409000	16000	580667
1133	409000	16000	581334
1134	409000	16000	582000
1135	409000	16000	582667
1136	409000	16000	583334
1137	409000	16000	584000
1138	409000	16000	584667
1139	409000	16000	585334
1140	409000	16000	586000
1141	409000	16000	586667
1142	409000	16000	587334
1143	409000	16000	588000
1144	409000	16000	588667
1145	409000	16000	589334
1146	409000	16000	590000
1147	409000	16000	590667
1148	409000	16000	591334
1149	409000	16000	592000
1150	409000	16000	592667
1151	409000	16000	593334
1152	409000	16000	594000
1153	409000	16000	594667
1154	409000	16000	595334
1155	409000	16000	596000
1156	409000	16000	596667
1157	409000	16000	597334
1158	409000	16000	598000
1159	409000	16000	598667
1160	409000	16000	599334
1161	409000	16000	600000
1162	409000	16000	600667
1163	409000	16000	601334
1164	409000	16000	602000
1165	409000	16000	602667
1166	409000	16000	603334
1167	409000	16000	604000
1168	409000	16000	604667
1169	409000	16000	605334
1170	409000	16000	606000
1171	409000	16000	606667
1172	409000	16000	607334
1173	409000	16000	608000
1174	409000	16000	608667
1175	409000	16000	609334
1176	409000	16000	610000
1177	409000	16000	610667
1178	409000	16000	611334
1179	409000	16000	612000
1180	409000	16000	612667
1181	409000	16000	613334
1182	409000	16000	614000
1183	409000	16000	614667
1184	409000	16000	615334
1185	409000	16000	616000
1186	409000	16000	616667
1187	409000	16000	617334
1188	409000	16000	618000
1189	409000	16000	618667
1190	409000	16000	619334
1191	409000	16000	620000
1192	409000	16000	620667
1193	409000	16000	621334
1194	409000	16000	622000
1195	409000	16000	622667
1196	409000	16000	623334
1197	409000	16000	624000
1198	409000	16000	624667
1199	409000	16000	625334
1200	409000	16000	626000
1201	409000	16000	626667
1202	409000	16000	627334
1203	409000	16000	628002
1204	409000	16000	628671
1205	409000	16000	629343
1206	409000	16000	630018
1207	409000	16000	630695
1208	409000	16000	631377
1209	409000	16000	632063
1210	409000	16000	632754
1211	409000	16000	633451
1212	409000	16000	634153
1213	409000	16000	634861
1214	409000	16000	635576
1215	409000	16000	636298
1216	409000	16000	637026
1217	409000	16000	637762
1218	409000	16000	638504
1219	409000	16000	639254
1220	409000	16000	640012
1221	409000	16000	640776
1222	409000	16000	641548
1223	409000	16000	642326
1224	409000	16000	643111
1225	409000	16000	643903
1226	409000	16000	644701
1227	409000	16000	645504
1228	409000	16000	646313
1229	409000	16000	647127
1230	409000	16000	647945
1231	409000	16000	648768
1232	409000	16000	649593
1233	409000	16000	650421
1234	409000	16000	651252
1235	409000	16000	652084
1236	409000	16000	652917
1237	409000	16000	653750
1238	409000	16000	654583
1239	409000	16000	655415
1240	409000	16000	656246
1241	409000	16000	657074
1242	409000	16000	657900
1243	409000	16000	658722
1244	409000	16000	659540
1245	409000	16000	660354
1246	409000	16000	661163
1247	409000	16000	661966
1248	409000	16000	662764
1249	409000	16000	663556
1250	409000	16000	664341
1251	409000	16000	665120
1252	409000	16000	665891
1253	409000	16000	666656
1254	409000	16000	667413
1255	409000	16000	668163
1256	409000	16000	668906
1257	409000	16000	669641
1258	409000	16000	670370
1259	409000	16000	671091
1260	409000	16000	671806
1261	409000	16000	672514
1262	409000	16000	673216
1263	409000	16000	673913
1264	409000	16000	674604
1265	409000	16000	675290
1266	409000	16000	675972
1267	409000	16000	676650
1268	409000	16000	677324
1269	409000	16000	677996
1270	409000	16000	678665
1271	409000	16000	679333
1272	409000	16000	680000
1273	409000	16000	680667
1274	409000	16000	681334
1275	409000	16000	682001
1276	409000	16000	682667
1277	409000	16000	683334
1278	409000	16000	684001
1279	409000	16000	684667
1280	409000	16000	685334
1281	409000	16000	686001
1282	409000	16000	686667
1283	409000	16000	687334
1284	409000	16000	688001
1285	409000	16000	688667
1286	409000	16000	689334
1287	409000	16000	690001
1288	409000	16000	690667
1289	409000	16000	691334
1290	409000	16000	692001
1291	409000	16000	692667
1292	409000	16000	693334
1293	409000	16000	694001
1294	409000	16000	694667
1295	409000	16000	695334
1296	409000	16000	696001
1297	409000	16000	696667
1298	409000	16000	697334
1299	409000	16000	698001
1300	409000	16000	698667
1301	409000	16000	699334
1302	409000	16000	700001
1303	409000	16000	700667
1304	409000	16000	701334
1305	409000	16000	702001
1306	409000	16000	702667
1307	409000	16000	703334
1308	409000	16000	704001
1309	409000	16000	704667
1310	409000	16000	705334
1311	409000	16000	706001
1312	409000	16000	706667
1313	409000	16000	707334
1314	409000	16000	708001
1315	409000	16000	708667
1316	409000	16000	709334
1317	409000	16000	710001
1318	409000	16000	710667
1319	409000	16000	711334
1320	409000	16000	712001
1321	409000	16000	712667
1322	409000	16000	713334
1323	409000	16000	714001
1324	409000	16000	714667
1325	409000	16000	715334
1326	409000	16000	716001
1327	409000	16000	716667
1328	409000	16000	717334
1329	409000	16000	718001
1330	409000	16000	718667
1331	409000	16000	719334
1332	409000	16000	720001
1333	409000	16000	720667
1334	409000	16000	721334
1335	409000	16000	722001
1336	409000	16000	722667
1337	409000	16000	723334
1338	409000	16000	724001
1339	409000	16000	724667
1340	409000	16000	725334
1341	409000	16000	726001
1342	409000	16000	726667
1343	409000	16000	727334
1344	409000	16000	728001
1345	409000	16000	728667
1346	409000	16000	729334
1347	409000	16000	730001
1348	409000	16000	730667
1349	409000	16000	731334
1350	409000	16000	732001
1351	409000	16000	732667
1352	409000	16000	733334
1353	409000	16000	734001
1354	409000	16000	734667
1355	409000	16000	735334
1356	409000	16000	736001
1357	409000	16000	736667
1358	409000	16000	737334
1359	409000	16000	738001
1360	409000	16000	738667
1361	409000	16000	739334
1362	409000	16000	740001
1363	409000	16000	740667
1364	409000	16000	741334
1365	409000	16000	742001
1366	409000	16000	742667
1367	409000	16000	743334
1368	409000	16000	744001
1369	409000	16000	744667
1370	409000	16000	745334
1371	409000	16000	746001
1372	409000	16000	746667
1373	409000	16000	747334
1374	409000	16000	748001
1375	409000	16000	748667
1376	409000	16000	749334
1377	409000	16000	750001
1378	409000	16000	750667
1379	409000	16000	751334
1380	409000	16000	752001
1381	409000	16000	752667
1382	409000	16000	753334
1383	409000	16000	754001
1384	409000	16000	754667
1385	409000	16000	755334
1386	409000	16000	756001
1387	409000	16000	756667
1388	409000	16000	757334
1389	409000	16000	758001
1390	409000	16000	758667
1391	409000	16000	759334
1392	409000	16000	760001
1393	409000	16000	760667
1394	409000	16000	761334
1395	409000	16000	762001
1396	409000	16000	762667
1397	409000	16000	763334
1398	409000	16000	764001
1399	409000	16000	764667
1400	409000	16000	765334
1401	409000	16000	766001
1402	409000	16000	766667
1403	409000	16000	767334
1404	409000	16000	768001
1405	409000	16000	768667
1406	409000	16000	769334
1407	409000	16000	770001
1408	409000	16000	770667
1409	409000	16000	771334
1410	409000	16000	772001
1411	409000	16000	772667
1412	409000	16000	773334
1413	409000	16000	774001
1414	409000	16000	774667
1415	409000	16000	775334
1416	409000	16000	776001
1417	409000	16000	776667
1418	409000	16000	777334
1419	409000	16000	778001
1420	409000	16000	778667
1421	409000	16000	779334
1422	409000	16000	780001
1423	409000	16000	780667
1424	409000	16000	781334
1425	409000	16000	782001
1426	409000	16000	782667
1427	409000	16000	783334
1428	409000	16000	784001
1429	409000	16000	784667
1430	409000	16000	785334
1431	409000	16000	786001
1432	409000	16000	786667
1433	409000	16000	787334
1434	409000	16000	788001
1435	409000	16000	788667
1436	409000	16000	789334
1437	409000	16000	790001
1438	409000	16000	790667
1439	409000	16000	791334
1440	409000	16000	792001
1441	409000	16000	792667
1442	409000	16000	793334
1443	409000	16000	794001
1444	409000	16000	794667
1445	409000	16000	795334
1446	409000	16000	796001
1447	409000	16000	796667
1448	409000	16000	797334
1449	409000	16000	798001
1450	409000	16000	798667
1451	409000	16000	799334
1452	409000	16000	800001
1453	409000	16000	800667
1454	409000	16000	801334
1455	409000	16000	802001
1456	409000	16000	802667
1457	409000	16000	803334
1458	409000	16000	804001
1459	409000	16000	804667
1460	409000	16000	805334
1461	409000	16000	806001
1462	409000	16000	806667
1463	409000	16000	807334
1464	409000	16000	808001
1465	409000	16000	808667
1466	409000	16000	809334
1467	409000	16000	810001
1468	409000	16000	810667
1469	409000	16000	811334
1470	409000	16000	812001
1471	409000	16000	812667
1472	409000	16000	813334
1473	409000	16000	814001
1474	409000	16000	814667
1475	409000	16000	815334
1476	409000	16000	816001
1477	409000	16000	816667
1478	409000	16000	817334
1479	409000	16000	818001
1480	409000	16000	818667
1481	409000	16000	819334
1482	409000	16000	820001
1483	409000	16000	820667
1484	409000	16000	821334
1485	409000	16000	822001
1486	409000	16000	822667
1487	409000	16000	823334
1488	409000	16000	824001
1489	409000	16000	824667
1490	409000	16000	825334
1491	409000	16000	826001
1492	409000	16000	826667
1493	409000	16000	827334
1494	409000	16000	828001
1495	409000	16000	828667
1496	409000	16000	829334
1497	409000	16000	830001
1498	409000	16000	830667
1499	409000	16000	831334
1500	409000	16000	832001
1501	409000	16000	832667
1502	409000	16000	833334
1503	409000	16000	834001
1504	409000	16000	834667
1505	409000	16000	835334
1506	409000	16000	836001
1507	409000	16000	836667
1508	409000	16000	837334
1509	409000	16000	838001
1510	409000	16000	838667
1511	409000	16000	839334
1512	409000	16000	840001
1513	409000	16000	838001
1514	409000	16000	838667
1515	409000	16000	839334
1516	409000	16000	840001