frame	x	V
0	0.00	16000.00
1	666.67	16000.00
2	1333.33	16000.00
3	2000.00	16000.00
4	2666.67	16000.00
5	3333.33	16000.00
6	4000.00	16000.00
7	4666.67	16000.00
8	5333.33	16000.00
9	6000.00	16000.00
10	6666.67	16000.00
11	7333.33	16000.00
12	8000.00	16000.00
13	8666.67	16000.00
14	9333.33	16000.00
15	10000.00	16000.00
16	10666.67	16000.00
17	11333.33	16000.00
18	12000.00	16000.00
19	12666.67	16000.00
20	13333.33	16000.00
21	14000.00	16000.00
22	14666.67	16000.00
23	15333.33	16000.00
24	16000.00	16000.00
25	16666.67	16000.00
26	17333.33	16000.00
27	18000.00	16000.00
28	18666.67	16000.00
29	19333.33	16000.00
30	20000.00	16000.00
31	20666.67	16000.00
32	21333.33	16000.00
33	22000.00	16000.00
34	22666.67	16000.00
35	23333.33	16000.00
36	24000.00	16000.00
37	24666.67	16000.00
38	25333.33	16000.00
39	26000.00	16000.00
40	26666.67	16000.00
41	27333.33	16000.00
42	28000.00	16000.00
43	28666.67	16000.00
44	29333.33	16000.00
45	30000.00	16000.00
46	30666.67	16000.00
47	31333.33	16000.00
48	32000.00	16000.00
49	32666.67	16000.00
50	33333.33	16000.00
51	34000.00	16000.00
52	34666.67	16000.00
53	35333.33	16000.00
54	36000.00	16000.00
55	36666.67	16000.00
56	37333.33	16000.00
57	38000.00	16000.00
58	38666.67	16000.00
59	39333.33	16000.00
60	40000.00	16000.00
61	40666.67	16000.00
62	41333.33	16000.00
63	42000.00	16000.00
64	42666.67	16000.00
65	43333.33	16000.00
66	44000.00	16000.00
67	44666.67	16000.00
68	45333.33	16000.00
69	46000.00	16000.00
70	46666.67	16000.00
71	47333.33	16000.00
72	48000.00	16006.34
73	48666.93	16025.32
74	49334.65	16056.79
75	50003.69	16100.51
76	50674.54	16156.15
77	51347.71	16223.29
78	52023.68	16301.41
79	52702.91	16389.93
80	53385.82	16488.16
81	54072.83	16595.36
82	54764.30	16710.71
83	55460.58	16833.34
84	56161.97	16962.30
85	56868.73	17096.64
86	57581.09	17235.30
87	58299.23	17377.26
88	59023.28	17521.41
89	59753.34	17666.67
90	60489.45	17811.93
91	61231.62	17956.08
92	61979.79	18098.04
93	62733.87	18236.70
94	63493.74	18371.04
95	64259.19	18500.01
96	65030.03	18622.63
97	65805.97	18737.98
98	66586.72	18845.18
99	67371.94	18943.41
100	68161.25	19031.93
101	68954.24	19110.05
102	69750.49	19177.19
103	70549.54	19232.83
104	71350.91	19276.55
105	72154.10	19308.02
106	72958.60	19327.00
107	73763.89	19333.34
108	74569.45	19327.00
109	75374.74	19308.02
110	76179.24	19276.55
111	76982.43	19232.83
112	77783.80	19177.19
113	78582.85	19110.05
114	79379.10	19031.93
115	80172.10	18943.41
116	80961.41	18845.18
117	81746.62	18737.98
118	82527.37	18622.63
119	83303.31	18500.01
120	84074.15	18371.04
121	84839.61	18236.70
122	85599.47	18098.04
123	86353.56	17956.08
124	87101.73	17811.93
125	87843.89	17666.67
126	88580.00	17521.41
127	89310.06	17377.26
128	90034.11	17235.30
129	90752.25	17096.64
130	91464.61	16962.30
131	92171.37	16833.34
132	92872.76	16710.71
133	93569.04	16595.36
134	94260.51	16488.16
135	94947.52	16389.93
136	95630.43	16301.41
137	96309.66	16223.29
138	96985.63	16156.15
139	97658.80	16100.51
140	98329.66	16056.79
141	98998.69	16025.32
142	99666.41	16006.34
143	100333.34	16000.00
144	101000.01	16006.34
145	101666.94	16000.00
146	102333.61	16000.00
147	103000.27	16000.00
148	103666.94	16000.00
149	104333.61	16000.00
150	105000.27	16000.00
151	105666.94	16000.00
152	106333.61	16000.00
153	107000.27	16000.00
154	107666.94	16000.00
155	108333.61	16000.00
156	109000.27	16000.00
157	109666.94	16000.00
158	110333.61	16000.00
159	111000.27	16000.00
160	111666.94	16000.00
161	112333.61	16000.00
162	113000.27	16000.00
163	113666.94	16000.00
164	114333.61	16000.00
165	115000.27	16000.00
166	115666.94	16000.00
167	116333.61	16000.00
168	117000.27	16000.00
169	117666.94	16000.00
170	118333.61	16000.00
171	119000.27	16000.00
172	119666.94	16000.00
173	120333.61	16000.00
174	121000.27	16000.00
175	121666.94	16000.00
176	122333.61	16000.00
177	123000.27	16000.00
178	123666.94	16000.00
179	124333.61	16000.00
180	125000.27	16000.00
181	125666.94	16000.00
182	126333.61	16000.00
183	127000.27	16000.00
184	127666.94	16000.00
185	128333.61	16000.00
186	129000.27	16000.00
187	129666.94	16000.00
188	130333.61	16000.00
189	131000.27	16000.00
190	131666.94	16000.00
191	132333.61	16000.00
192	133000.27	16000.00
193	133666.94	16000.00
194	134333.61	16000.00
195	135000.27	16000.00
196	135666.94	16000.00
197	136333.61	16000.00
198	137000.27	16000.00
199	137666.94	16000.00
200	138333.61	16000.00
201	139000.27	16000.00
202	139666.94	16000.00
203	140333.61	16000.00
204	141000.27	16000.00
205	141666.94	16000.00
206	142333.61	16000.00
207	143000.27	16000.00
208	143666.94	16000.00
209	144333.61	16000.00
210	145000.27	16000.00
211	145666.94	16000.00
212	146333.61	16000.00
213	147000.27	16000.00
214	147666.94	16000.00
215	148333.61	16000.00
216	149000.27	16000.00
217	149666.94	16000.00
218	150333.61	16000.00
219	151000.27	16000.00
220	151666.94	16000.00
221	152333.61	16000.00
222	153000.27	16000.00
223	153666.94	16000.00
224	154333.61	16000.00
225	155000.27	16000.00
226	155666.94	16000.00
227	156333.61	16000.00
228	157000.27	16000.00
229	157666.94	16000.00
230	158333.61	16000.00
231	159000.27	16000.00
232	159666.94	16000.00
233	160333.61	16000.00
234	161000.27	16000.00
235	161666.94	16000.00
236	162333.61	16000.00
237	163000.27	16000.00
238	163666.94	16000.00
239	164333.61	16000.00
240	165000.27	16000.00
241	165666.94	16000.00
242	166333.61	16000.00
243	167000.27	16000.00
244	167666.94	16000.00
245	168333.61	16000.00
246	169000.27	16000.00
247	169666.94	16000.00
248	170333.61	16000.00
249	171000.27	16000.00
250	171666.94	16000.00
251	172333.61	16000.00
252	173000.27	16000.00
253	173666.94	16000.00
254	174333.61	16000.00
255	175000.27	16000.00
256	175666.94	16000.00
257	176333.61	16000.00
258	177000.27	16000.00
259	177666.94	16000.00
260	178333.61	16000.00
261	179000.27	16000.00
262	179666.94	16000.00
263	180333.61	16000.00
264	181000.27	16000.00
265	181666.94	16000.00
266	182333.61	16000.00
267	183000.27	16000.00
268	183666.94	16000.00
269	184333.61	16000.00
270	185000.27	16000.00
271	185666.94	16000.00
272	186333.61	16000.00
273	187000.27	16000.00
274	187666.94	16000.00
275	188333.61	16000.00
276	189000.27	16000.00
277	189666.94	16000.00
278	190333.61	16000.00
279	191000.27	16000.00
280	191666.94	16000.00
281	192333.61	16000.00
282	193000.27	16000.00
283	193666.94	16000.00
284	194333.61	16000.00
285	195000.27	16000.00
286	195666.94	16000.00
287	196333.61	16000.00
288	197000.27	16000.00
289	197666.94	16000.00
290	198333.61	16000.00
291	199000.27	16000.00
292	199666.94	16000.00
293	200333.61	16000.00
294	201000.27	16000.00
295	201666.94	16000.00
296	202333.61	16000.00
297	203000.27	16000.00
298	203666.94	16000.00
299	204333.61	16000.00
300	205000.27	16000.00
301	205666.94	16000.00
302	206333.61	16000.00
303	207000.27	16000.00
304	207666.94	16000.00
305	208333.61	16000.00
306	209000.27	16000.00
307	209666.94	16000.00
308	210333.61	16000.00
309	211000.27	16000.00
310	211666.94	16000.00
311	212333.61	16000.00
312	213000.27	16000.00
313	213666.94	16000.00
314	214333.61	16000.00
315	215000.27	16000.00
316	215666.94	16000.00
317	216333.61	16000.00
318	217000.27	16000.00
319	217666.94	16000.00
320	218333.61	16000.00
321	219000.27	16000.00
322	219666.94	16000.00
323	220333.61	16000.00
324	221000.27	16000.00
325	221666.94	16000.00
326	222333.61	16000.00
327	223000.27	16000.00
328	223666.94	16000.00
329	224333.61	16000.00
330	225000.27	16000.00
331	225666.94	16000.00
332	226333.61	16000.00
333	227000.27	16000.00
334	227666.94	16000.00
335	228333.61	16000.00
336	229000.27	16000.00
337	229666.94	16000.00
338	230333.61	16000.00
339	231000.27	16000.00
340	231666.94	16000.00
341	232333.61	16000.00
342	233000.27	16000.00
343	233666.94	16000.00
344	234333.61	16000.00
345	235000.27	16000.00
346	235666.94	16000.00
347	236333.61	16000.00
348	237000.27	16000.00
349	237666.94	16000.00
350	238333.61	16000.00
351	239000.27	16000.00
352	239666.94	16000.00
353	240333.61	16000.00
354	241000.27	16000.00
355	241666.94	16000.00
356	242333.61	16000.00
357	243000.27	16000.00
358	243666.94	16000.00
359	244333.61	16000.00
360	245000.27	16000.00
361	245666.94	16000.00
362	246333.61	16000.00
363	247000.27	16000.00
364	247666.94	16000.00
365	248333.61	16000.00
366	249000.27	16000.00
367	249666.94	16000.00
368	250333.61	16000.00
369	251000.27	16000.00
370	251666.94	16000.00
371	252333.61	16000.00
372	253000.27	16000.00
373	253666.94	16000.00
374	254333.61	16000.00
375	255000.27	16000.00
376	255666.94	16000.00
377	256333.61	16000.00
378	257000.27	16000.00
379	257666.94	16000.00
380	258333.61	16000.00
381	259000.27	16000.00
382	259666.94	16000.00
383	260333.61	16000.00
384	261000.27	16000.00
385	261666.94	16000.00
386	262333.61	16000.00
387	263000.27	16000.00
388	263666.94	16000.00
389	264333.61	16000.00
390	265000.27	16000.00
391	265666.94	16000.00
392	266333.61	16000.00
393	267000.27	16000.00
394	267666.94	16000.00
395	268333.61	16000.00
396	269000.27	16000.00
397	269666.94	16000.00
398	270333.61	16000.00
399	271000.27	16000.00
400	271666.94	16000.00
401	272333.61	16000.00
402	273000.27	16000.00
403	273666.94	16000.00
404	274333.61	16000.00
405	275000.27	16000.00
406	275666.94	16000.00
407	276333.61	16000.00
408	277000.27	16000.00
409	277666.94	16000.00
410	278333.61	16000.00
411	279000.27	16000.00
412	279666.94	16000.00
413	280333.61	16000.00
414	281000.27	16000.00
415	281666.94	16000.00
416	282333.61	16000.00
417	283000.27	16000.00
418	283666.94	16000.00
419	284333.61	16000.00
420	285000.27	16000.00
421	285666.94	16000.00
422	286333.61	16000.00
423	287000.27	16000.00
424	287666.94	16000.00
425	288333.61	16000.00
426	289000.27	16000.00
427	289666.94	16000.00
428	290333.61	16000.00
429	291000.27	16000.00
430	291666.94	16000.00
431	292333.61	16000.00
432	293000.27	16000.00
433	293666.94	16000.00
434	294333.61	16000.00
435	295000.27	16000.00
436	295666.94	16000.00
437	296333.61	16000.00
438	297000.27	16000.00
439	297666.94	16000.00
440	298333.61	16000.00
441	299000.27	16000.00
442	299666.94	16000.00
443	300333.61	16000.00
444	301000.27	16000.00
445	301666.94	16000.00
446	302333.61	16000.00
447	303000.27	16000.00
448	303666.94	16000.00
449	304333.61	16000.00
450	305000.27	16000.00
451	305666.94	16000.00
452	306333.61	16000.00
453	307000.27	16000.00
454	307666.94	16000.00
455	308333.61	16000.00
456	309000.27	16000.00
457	309666.94	16000.00
458	310333.61	16000.00
459	311000.27	16000.00
460	311666.94	16000.00
461	312333.61	16000.00
462	313000.27	16000.00
463	313666.94	16000.00
464	314333.61	16000.00
465	315000.27	16000.00
466	315666.94	16000.00
467	316333.61	16000.00
468	317000.27	16000.00
469	317666.94	16000.00
470	318333.61	16000.00
471	319000.27	16000.00
472	319666.94	16000.00
473	320333.61	16000.00
474	321000.27	16000.00
475	321666.94	16000.00
476	322333.61	16000.00
477	323000.27	16000.00
478	323666.94	16000.00
479	324333.61	16000.00
480	325000.27	16000.00
481	325666.94	16000.00
482	326333.61	16000.00
483	327000.27	16000.00
484	327666.94	16000.00
485	328333.61	16000.00
486	329000.27	16000.00
487	329666.94	16000.00
488	330333.61	16000.00
489	331000.27	16000.00
490	331666.94	16000.00
491	332333.61	16000.00
492	333000.27	16000.00
493	333666.94	16000.00
494	334333.61	16000.00
495	335000.27	16000.00
496	335666.94	16000.00
497	336333.61	16000.00
498	337000.27	16000.00
499	337666.94	16000.00
500	338333.61	16000.00
501	339000.27	16000.00
502	339666.94	16000.00
503	340333.61	16000.00
504	341000.27	16000.00
505	341666.94	16000.00
506	342333.61	16000.00
507	343000.27	16000.00
508	343666.94	16000.00
509	344333.61	16000.00
510	345000.27	16000.00
511	345666.94	16000.00
512	346333.61	16000.00
513	347000.27	16000.00
514	347666.94	16000.00
515	348333.61	16000.00
516	349000.27	16000.00
517	349666.94	16000.00
518	350333.61	16000.00
519	351000.27	16000.00
520	351666.94	16000.00
521	352333.61	16000.00
522	353000.27	16000.00
523	353666.94	16000.00
524	354333.61	16000.00
525	355000.27	16000.00
526	355666.94	16000.00
527	356333.61	16000.00
528	357000.27	16000.00
529	357666.94	16000.00
530	358333.61	16000.00
531	359000.27	16000.00
532	359666.94	16000.00
533	360333.61	16000.00
534	361000.27	16000.00
535	361666.94	16000.00
536	362333.61	16000.00
537	363000.27	16000.00
538	363666.94	16000.00
539	364333.61	16000.00
540	365000.27	16000.00
541	365666.94	16000.00
542	366333.61	16000.00
543	367000.27	16000.00
544	367666.94	16000.00
545	368333.61	16000.00
546	369000.27	16000.00
547	369666.94	16000.00
548	370333.61	16000.00
549	371000.27	16000.00
550	371666.94	16000.00
551	372333.61	16000.00
552	373000.27	16000.00
553	373666.94	16000.00
554	374333.61	16000.00
555	375000.27	16000.00
556	375666.94	16000.00
557	376333.61	16000.00
558	377000.27	16000.00
559	377666.94	16000.00
560	378333.61	16000.00
561	379000.27	16000.00
562	379666.94	16000.00
563	380333.61	16000.00
564	381000.27	16000.00
565	381666.94	16000.00
566	382333.61	16000.00
567	383000.27	16000.00
568	383666.94	16000.00
569	384333.61	16000.00
570	385000.27	16000.00
571	385666.94	16000.00
572	386333.61	16000.00
573	387000.27	16000.00
574	387666.94	16000.00
575	388333.61	16000.00
576	389000.27	16000.00
577	389666.94	16000.00
578	390333.61	16000.00
579	391000.27	16000.00
580	391666.94	16000.00
581	392333.61	16000.00
582	393000.27	16000.00
583	393666.94	16000.00
584	394333.61	16000.00
585	395000.27	16000.00
586	395666.94	16000.00
587	396333.61	16000.00
588	397000.27	16000.00
589	397666.94	16000.00
590	398333.61	16000.00
591	399000.27	16000.00
592	399666.94	16000.00
593	400333.61	16000.00
594	401000.27	16000.00
595	401666.94	16000.00
596	402333.61	16000.00
597	403000.27	16000.00
598	403666.94	16000.00
599	404333.61	16000.00
600	405000.27	16000.00
601	405666.94	16000.00
602	406333.61	16000.00
603	407000.27	16000.00
604	407666.94	16000.00
605	408333.61	16000.00
606	409000.27	16000.00
607	409666.94	16000.00
608	410333.61	16000.00
609	411000.27	16000.00
610	411666.94	16000.00
611	412333.61	16000.00
612	413000.27	16000.00
613	413666.94	16000.00
614	414333.61	16000.00
615	415000.27	16000.00
616	415666.94	16000.00
617	416333.61	16000.00
618	417000.27	16000.00
619	417666.94	16000.00
620	418333.61	16000.00
621	419000.27	16000.00
622	419666.94	16000.00
623	420333.61	16000.00
624	421000.27	16000.00
625	421666.94	16000.00
626	422333.61	16000.00
627	423000.27	16000.00
628	423666.94	16000.00
629	424333.61	16000.00
630	425000.27	16000.00
631	425666.94	16000.00
632	426333.61	16000.00
633	427000.27	16000.00
634	427666.94	16000.00
635	428333.61	16000.00
636	429000.27	16000.00
637	429666.94	16000.00
638	430333.61	16000.00
639	431000.27	16000.00
640	431666.94	16000.00
641	432333.61	16000.00
642	433000.27	16000.00
643	433666.94	16000.00
644	434333.61	16000.00
645	435000.27	16000.00
646	435666.94	16000.00
647	436333.61	16000.00
648	437000.27	16000.00
649	437666.94	16000.00
650	438333.61	16000.00
651	439000.27	16000.00
652	439666.94	16000.00
653	440333.61	16000.00
654	441000.27	16000.00
655	441666.94	16000.00
656	442333.61	16000.00
657	443000.27	16000.00
658	443666.94	16000.00
659	444333.61	16000.00
660	445000.27	16000.00
661	445666.94	16000.00
662	446333.61	16000.00
663	447000.27	16000.00
664	447666.94	16000.00
665	448333.61	16000.00
666	449000.27	16000.00
667	449666.94	16000.00
668	450333.61	16000.00
669	451000.27	16000.00
670	451666.94	16000.00
671	452333.61	16000.00
672	453000.27	16000.00
673	453666.94	16000.00
674	454333.61	16000.00
675	455000.27	16000.00
676	455666.94	16000.00
677	456333.61	16000.00
678	457000.27	16000.00
679	457666.94	16000.00
680	458333.61	16000.00
681	459000.27	16000.00
682	459666.94	16000.00
683	460333.61	16000.00
684	461000.27	16000.00
685	461666.94	16000.00
686	462333.61	16000.00
687	463000.27	16000.00
688	463666.94	16000.00
689	464333.61	16000.00
690	465000.27	16000.00
691	465666.94	16000.00
692	466333.61	16000.00
693	467000.27	16000.00
694	467666.94	16000.00
695	468333.61	16000.00
696	469000.27	16000.00
697	469666.94	16000.00
698	470333.61	16000.00
699	471000.27	16000.00
700	471666.94	16000.00
701	472333.61	16000.00
702	473000.27	16000.00
703	473666.94	16000.00
704	474333.61	16000.00
705	475000.27	16000.00
706	475666.94	16000.00
707	476333.61	16000.00
708	477000.27	16000.00
709	477666.94	16000.00
710	478333.61	16000.00
711	479000.27	16000.00
712	479666.94	16000.00
713	480333.61	16000.00
714	481000.27	16000.00
715	481666.94	16000.00
716	482333.61	16000.00
717	483000.27	16000.00
718	483666.94	16000.00
719	484333.61	16000.00
720	485000.27	16000.00
721	485666.94	16000.00
722	486333.61	16000.00
723	487000.27	16000.00
724	487666.94	16000.00
725	488333.61	16000.00
726	489000.27	16000.00
727	489666.94	16000.00
728	490333.61	16000.00
729	491000.27	16000.00
730	491666.94	16000.00
731	492333.61	16000.00
732	493000.27	16000.00
733	493666.94	16000.00
734	494333.61	16000.00
735	495000.27	16000.00
736	495666.94	16000.00
737	496333.61	16000.00
738	497000.27	16000.00
739	497666.94	16000.00
740	498333.61	16000.00
741	499000.27	16000.00
742	499666.94	16000.00
743	500333.61	16000.00
744	501000.27	16000.00
745	501666.94	15987.17
746	502333.07	15948.89
747	502997.61	15885.82
748	503659.52	15799.04
749	504317.81	15690.03
750	504971.56	15560.66
751	505619.92	15413.14
752	506262.14	15250.00
753	506897.56	15074.03
754	507525.64	14888.23
755	508145.98	14695.79
756	508758.31	14500.00
757	509362.47	14304.21
758	509958.48	14111.77
759	510546.47	13925.97
760	511126.72	13750.00
761	511699.64	13586.86
762	512265.76	13439.34
763	512825.73	13309.97
764	513380.31	13200.96
765	513930.35	13114.18
766	514476.78	13051.11
767	515020.57	13012.83
768	515562.77	13000.00
769	516104.44	13012.83
770	516646.64	13051.11
771	517190.44	13114.18
772	517736.86	13200.96
773	518286.90	13309.97
774	518841.48	13439.34
775	519401.46	13586.86
776	519967.58	13750.00
777	520540.49	13925.97
778	521120.74	14111.77
779	521708.73	14304.21
780	522304.74	14500.00
781	522908.91	14695.79
782	523521.23	14888.23
783	524141.58	15074.03
784	524769.66	15250.00
785	525405.08	15413.14
786	526047.29	15560.66
787	526695.65	15690.03
788	527349.40	15799.04
789	528007.70	15885.82
790	528669.61	15948.89
791	529334.14	15987.17
792	530000.27	16000.00
793	530666.94	16000.00
794	531333.61	16000.00
795	532000.27	16000.00
796	532666.94	16000.00
797	533333.61	16000.00
798	534000.27	16000.00
799	534666.94	16000.00
800	535333.61	16000.00
801	536000.27	16000.00
802	536666.94	16000.00
803	537333.61	16000.00
804	538000.27	16000.00
805	538666.94	16000.00
806	539333.61	16000.00
807	540000.27	16000.00
808	540666.94	16000.00
809	541333.61	16000.00
810	542000.27	16000.00
811	542666.94	16000.00
812	543333.61	16000.00
813	544000.27	16000.00
814	544666.94	16000.00
815	545333.61	16000.00
816	546000.27	16000.00
817	546666.94	16000.00
818	547333.61	16000.00
819	548000.27	16000.00
820	548666.94	16000.00
821	549333.61	16000.00
822	550000.27	16000.00
823	550666.94	16000.00
824	551333.61	16000.00
825	552000.27	16000.00
826	552666.94	16000.00
827	553333.61	16000.00
828	554000.27	16000.00
829	554666.94	16000.00
830	555333.61	16000.00
831	556000.27	16000.00
832	556666.94	16000.00
833	557333.61	16000.00
834	558000.27	16000.00
835	558666.94	16000.00
836	559333.61	16000.00
837	560000.27	16000.00
838	560666.94	16000.00
839	561333.61	16000.00
840	562000.27	16000.00
841	562666.94	16000.00
842	563333.61	16000.00
843	564000.27	16000.00
844	564666.94	16000.00
845	565333.61	16000.00
846	566000.27	16000.00
847	566666.94	16000.00
848	567333.61	16000.00
849	568000.27	16000.00
850	568666.94	16000.00
851	569333.61	16000.00
852	570000.27	16000.00
853	570666.94	16000.00
854	571333.61	16000.00
855	572000.27	16000.00
856	572666.94	16000.00
857	573333.61	16000.00
858	574000.27	16000.00
859	574666.94	16000.00
860	575333.61	16000.00
861	576000.27	16000.00
862	576666.94	16000.00
863	577333.61	16000.00
864	578000.27	16000.00
865	578666.94	16000.00
866	579333.61	16000.00
867	580000.27	16000.00
868	580666.94	16000.00
869	581333.61	16000.00
870	582000.27	16000.00
871	582666.94	16000.00
872	583333.61	16000.00
873	584000.27	16000.00
874	584666.94	16000.00
875	585333.61	16000.00
876	586000.27	16000.00
877	586666.94	16000.00
878	587333.61	16000.00
879	588000.27	16000.00
880	588666.94	16000.00
881	589333.61	16000.00
882	590000.27	16000.00
883	590666.94	16000.00
884	591333.61	16000.00
885	592000.27	16000.00
886	592666.94	16000.00
887	593333.61	16000.00
888	594000.27	16000.00
889	594666.94	16000.00
890	595333.61	16000.00
891	596000.27	16000.00
892	596666.94	16000.00
893	597333.61	16000.00
894	598000.27	16000.00
895	598666.94	16000.00
896	599333.61	16000.00
897	600000.27	16000.00
898	600666.94	16000.00
899	601333.61	16000.00
900	602000.27	16000.00
901	602666.94	16000.00
902	603333.61	16000.00
903	604000.27	16000.00
904	604666.94	16000.00
905	605333.61	16000.00
906	606000.27	16000.00
907	606666.94	16000.00
908	607333.61	16000.00
909	608000.27	16000.00
910	608666.94	16000.00
911	609333.61	16000.00
912	610000.27	16000.00
913	610666.94	16000.00
914	611333.61	16000.00
915	612000.27	16000.00
916	612666.94	16000.00
917	613333.61	16000.00
918	614000.27	16000.00
919	614666.94	16000.00
920	615333.61	16000.00
921	616000.27	16000.00
922	616666.94	16000.00
923	617333.61	16000.00
924	618000.27	16000.00
925	618666.94	16000.00
926	619333.61	16000.00
927	620000.27	16000.00
928	620666.94	16000.00
929	621333.61	16000.00
930	622000.27	16000.00
931	622666.94	16000.00
932	623333.61	16000.00
933	624000.27	16000.00
934	624666.94	16000.00
935	625333.61	16000.00
936	626000.27	16000.00
937	626666.94	16007.61
938	627333.92	16030.38
939	628001.86	16068.15
940	628671.36	16120.61
941	629343.06	16187.38
942	630017.53	16267.95
943	630695.36	16361.70
944	631377.10	16467.91
945	632063.26	16585.79
946	632754.34	16714.42
947	633450.77	16852.85
948	634152.97	17000.00
949	634861.31	17154.76
950	635576.09	17315.96
951	636297.59	17482.36
952	637026.02	17652.70
953	637761.55	17825.69
954	638504.28	18000.00
955	639254.28	18174.31
956	640011.55	18347.30
957	640776.02	18517.64
958	641547.59	18684.04
959	642326.09	18845.24
960	643111.31	19000.00
961	643902.97	19147.15
962	644700.77	19285.58
963	645504.34	19414.21
964	646313.26	19532.09
965	647127.10	19638.30
966	647945.36	19732.05
967	648767.53	19812.62
968	649593.06	19879.39
969	650421.36	19931.85
970	651251.86	19969.62
971	652083.92	19992.39
972	652916.94	20000.00
973	653750.27	19992.39
974	654583.29	19969.62
975	655415.36	19931.85
976	656245.85	19879.39
977	657074.16	19812.62
978	657899.68	19732.05
979	658721.85	19638.30
980	659540.12	19532.09
981	660353.95	19414.21
982	661162.88	19285.58
983	661966.44	19147.15
984	662764.24	19000.00
985	663555.91	18845.24
986	664341.13	18684.04
987	665119.63	18517.64
988	665891.20	18347.30
989	666655.67	18174.31
990	667412.93	18000.00
991	668162.93	17825.69
992	668905.67	17652.70
993	669641.20	17482.36
994	670369.63	17315.96
995	671091.13	17154.76
996	671805.91	17000.00
997	672514.24	16852.85
998	673216.44	16714.42
999	673912.88	16585.79
1000	674603.95	16467.91
1001	675290.12	16361.70
1002	675971.85	16267.95
1003	676649.68	16187.38
1004	677324.16	16120.61
1005	677995.85	16068.15
1006	678665.36	16030.38
1007	679333.29	16007.61
1008	680000.27	16000.00
1009	680666.94	16007.61
1010	681333.92	16000.00
1011	682000.59	16000.00
1012	682667.26	16000.00
1013	683333.92	16000.00
1014	684000.59	16000.00
1015	684667.26	16000.00
1016	685333.92	16000.00
1017	686000.59	16000.00
1018	686667.26	16000.00
1019	687333.92	16000.00
1020	688000.59	16000.00
1021	688667.26	16000.00
1022	689333.92	16000.00
1023	690000.59	16000.00
1024	690667.26	16000.00
1025	691333.92	16000.00
1026	692000.59	16000.00
1027	692667.26	16000.00
1028	693333.92	16000.00
1029	694000.59	16000.00
1030	694667.26	16000.00
1031	695333.92	16000.00
1032	696000.59	16000.00
1033	696667.26	16000.00
1034	697333.92	16000.00
1035	698000.59	16000.00
1036	698667.26	16000.00
1037	699333.92	16000.00
1038	700000.59	16000.00
1039	700667.26	16000.00
1040	701333.92	16000.00
1041	702000.59	16000.00
1042	702667.26	16000.00
1043	703333.92	16000.00
1044	704000.59	16000.00
1045	704667.26	16000.00
1046	705333.92	16000.00
1047	706000.59	16000.00
1048	706667.26	16000.00
1049	707333.92	16000.00
1050	708000.59	16000.00
1051	708667.26	16000.00
1052	709333.92	16000.00
1053	710000.59	16000.00
1054	710667.26	16000.00
1055	711333.92	16000.00
1056	712000.59	16000.00
1057	712667.26	16000.00
1058	713333.92	16000.00
1059	714000.59	16000.00
1060	714667.26	16000.00
1061	715333.92	16000.00
1062	716000.59	16000.00
1063	716667.26	16000.00
1064	717333.92	16000.00
1065	718000.59	16000.00
1066	718667.26	16000.00
1067	719333.92	16000.00
1068	720000.59	16000.00
1069	720667.26	16000.00
1070	721333.92	16000.00
1071	722000.59	16000.00
1072	722667.26	16000.00
1073	723333.92	16000.00
1074	724000.59	16000.00
1075	724667.26	16000.00
1076	725333.92	16000.00
1077	726000.59	16000.00
1078	726667.26	16000.00
1079	727333.92	16000.00
1080	728000.59	16000.00
1081	728667.26	16000.00
1082	729333.92	16000.00
1083	730000.59	16000.00
1084	730667.26	16000.00
1085	731333.92	16000.00
1086	732000.59	16000.00
1087	732667.26	16000.00
1088	733333.92	16000.00
1089	734000.59	16000.00
1090	734667.26	16000.00
1091	735333.92	16000.00
1092	736000.59	16000.00
1093	736667.26	16000.00
1094	737333.92	16000.00
1095	738000.59	16000.00
1096	738667.26	16000.00
1097	739333.92	16000.00
1098	740000.59	16000.00
1099	740667.26	16000.00
1100	741333.92	16000.00
1101	742000.59	16000.00
1102	742667.26	16000.00
1103	743333.92	16000.00
1104	744000.59	16000.00
1105	744667.26	16000.00
1106	745333.92	16000.00
1107	746000.59	16000.00
1108	746667.26	16000.00
1109	747333.92	16000.00
1110	748000.59	16000.00
1111	748667.26	16000.00
1112	749333.92	16000.00
1113	750000.59	16000.00
1114	750667.26	16000.00
1115	751333.92	16000.00
1116	752000.59	16000.00
1117	752667.26	16000.00
1118	753333.92	16000.00
1119	754000.59	16000.00
1120	754667.26	16000.00
1121	755333.92	16000.00
1122	756000.59	16000.00
1123	756667.26	16000.00
1124	757333.92	16000.00
1125	758000.59	16000.00
1126	758667.26	16000.00
1127	759333.92	16000.00
1128	760000.59	16000.00
1129	760667.26	16000.00
1130	761333.92	16000.00
1131	762000.59	16000.00
1132	762667.26	16000.00
1133	763333.92	16000.00
1134	764000.59	16000.00
1135	764667.26	16000.00
1136	765333.92	16000.00
1137	766000.59	16000.00
1138	766667.26	16000.00
1139	767333.92	16000.00
1140	768000.59	16000.00
1141	768667.26	16000.00
1142	769333.92	16000.00
1143	770000.59	16000.00
1144	770667.26	16000.00
1145	771333.92	16000.00
1146	772000.59	16000.00
1147	772667.26	16000.00
1148	773333.92	16000.00
1149	774000.59	16000.00
1150	774667.26	16000.00
1151	775333.92	16000.00
1152	776000.59	16000.00
1153	776667.26	16000.00
1154	777333.92	16000.00
1155	778000.59	16000.00
1156	778667.26	16000.00
1157	779333.92	16000.00
1158	780000.59	16000.00
1159	780667.26	16000.00
1160	781333.92	16000.00
1161	782000.59	16000.00
1162	782667.26	16000.00
1163	783333.92	16000.00
1164	784000.59	16000.00
1165	784667.26	16000.00
1166	785333.92	16000.00
1167	786000.59	16000.00
1168	786667.26	16000.00
1169	787333.92	16000.00
1170	788000.59	16000.00
1171	788667.26	16000.00
1172	789333.92	16000.00
1173	790000.59	16000.00
1174	790667.26	16000.00
1175	791333.92	16000.00
1176	792000.59	16000.00
1177	792667.26	16000.00
1178	793333.92	16000.00
1179	794000.59	16000.00
1180	794667.26	16000.00
1181	795333.92	16000.00
1182	796000.59	16000.00
1183	796667.26	16000.00
1184	797333.92	16000.00
1185	798000.59	16000.00
1186	798667.26	16000.00
1187	799333.92	16000.00
1188	800000.59	16000.00
1189	800667.26	16000.00
1190	801333.92	16000.00
1191	802000.59	16000.00
1192	802667.26	16000.00
1193	803333.92	16000.00
1194	804000.59	16000.00
1195	804667.26	16000.00
1196	805333.92	16000.00
1197	806000.59	16000.00
1198	806667.26	16000.00
1199	807333.92	16000.00
1200	808000.59	16000.00
1201	808667.26	16000.00
1202	809333.92	16000.00
1203	810000.59	16000.00
1204	810667.26	16000.00
1205	811333.92	16000.00
1206	812000.59	16000.00
1207	812667.26	16000.00
1208	813333.92	16000.00
1209	814000.59	16000.00
1210	814667.26	16000.00
1211	815333.92	16000.00
1212	816000.59	16000.00
1213	816667.26	16000.00
1214	817333.92	16000.00
1215	818000.59	16000.00
1216	818667.26	16000.00
1217	819333.92	16000.00
1218	820000.59	16000.00
1219	820667.26	16000.00
1220	821333.92	16000.00
1221	822000.59	16000.00
1222	822667.26	16000.00
1223	823333.92	16000.00
1224	824000.59	16000.00
1225	824667.26	16000.00
1226	825333.92	16000.00
1227	826000.59	16000.00
1228	826667.26	16000.00
1229	827333.92	16000.00
1230	828000.59	16000.00
1231	828667.26	16000.00
1232	829333.92	16000.00
1233	830000.59	16000.00
1234	830667.26	16000.00
1235	831333.92	16000.00
1236	832000.59	16000.00
1237	832667.26	16000.00
1238	833333.92	16000.00
1239	834000.59	16000.00
1240	834667.26	16000.00
1241	835333.92	16000.00
1242	836000.59	16000.00
1243	836667.26	16000.00
1244	837333.92	16000.00
1245	838000.59	16000.00
1246	838667.26	16000.00
1247	839333.92	16000.00
1248	840000.59	16000.00
